2 1163
737 2
514 690
515 1082
95 4
4 996
774 782
523 776
1044 523
782 872
749 527
1107 1041
527 275
275 699
1132 1043
1133 1044
567 280
25 1141
687 25
537 971
552 538
538 1095
1171 797
798 543
799 856
655 545
1105 552
690 554
554 701
860 299
299 717
543 46
46 694
814 962
389 47
47 474
306 684
1183 567
568 1143
864 824
872 57
57 897
1180 1081
1015 826
826 1016
1082 1124
573 864
513 65
65 655
324 513
1163 331
856 1015
631 89
89 125
354 91
91 1180
752 95
1156 607
352 687
280 97
97 923
629 353
353 394
1043 354
1021 610
1066 611
868 1170
1009 868
331 103
103 1021
394 360
996 882
627 842
722 627
1101 629
118 515
1170 118
121 799
804 121
1140 635
635 721
923 636
125 151
126 1078
200 126
128 185
186 128
385 966
719 385
130 352
636 130
643 798
800 643
882 389
136 779
721 136
662 143
143 1009
150 324
1143 150
151 500
776 668
668 917
414 573
897 414
672 1105
1016 672
545 165
165 492
797 168
168 829
169 1171
945 169
171 514
829 171
1102 172
172 866
684 895
810 430
430 945
944 1133
474 435
435 1020
181 774
611 181
694 1008
183 217
222 183
185 662
1020 186
1141 698
698 1156
699 810
701 1056
192 537
607 192
962 1140
824 200
1091 456
456 1102
610 202
202 724
971 1101
205 804
1008 205
717 1183
842 719
1041 466
466 1066
779 722
1024 212
212 631
724 1091
217 1185
1056 222
1124 736
1078 737
1095 484
484 1107
231 306
736 231
360 232
232 237
490 800
1081 490
1185 746
746 944
492 814
237 568
866 749
917 752
500 1132
501 860
895 501
504 1024
1031 504
255 1031
966 255
