937 180 1064
923 754 143
617 196 180
593 988 358
1068 593 686
1036 325 143
325 1036 382
1076 302 382
302 1076 850
81 1060 1011
68 28 1167
68 823 670
848 129 580
305 1057 1013
521 68 670
68 521 28
28 521 1013
521 305 1013
173 1169 1011
1169 81 1011
656 174 214
899 174 656
264 330 1146
330 92 1146
999 524 260
91 12 9
378 984 309
401 1065 20
1065 401 1064
617 864 196
864 3 196
35 617 180
35 937 405
937 35 180
695 864 1021
864 695 3
963 705 465
705 1158 405
1158 705 963
716 608 923
43 729 115
963 43 115
43 963 465
729 737 115
764 593 358
764 1021 686
593 764 686
764 787 1072
787 764 358
19 787 358
823 738 670
567 702 1062
787 567 1072
702 567 1104
567 19 1104
19 567 787
1036 765 382
765 1076 382
940 264 1146
806 940 850
1076 1196 850
1196 806 850
1196 1076 314
92 632 367
766 325 382
302 766 382
568 401 20
401 568 754
72 1060 81
395 29 756
356 208 867
1151 648 52
29 774 1125
774 29 395
1133 261 749
1065 721 20
721 170 1167
170 721 1065
1192 1151 52
903 1160 1044
515 129 20
721 515 20
644 163 891
644 1074 1059
1074 644 891
605 1074 891
209 503 914
209 741 475
211 503 305
211 521 670
521 211 305
625 1057 305
625 209 475
503 625 305
209 625 503
417 934 475
934 625 475
625 934 1057
1057 934 1151
934 648 1151
648 934 417
326 1169 173
1169 326 1050
402 1169 1050
107 1001 836
1001 107 656
1086 616 1163
160 494 152
160 1086 1163
1086 160 205
107 449 656
449 899 656
616 449 1163
899 449 616
929 837 552
1190 929 152
692 636 637
77 842 830
260 511 4
524 511 260
223 137 214
833 137 223
137 656 214
137 1001 656
1154 953 496
667 506 285
667 1154 506
667 953 1154
722 278 324
497 1078 1004
384 1161 630
855 384 736
384 855 1161
1035 1037 64
1037 1035 347
861 1037 347
55 258 901
258 55 816
373 381 1032
3 912 196
792 411 44
782 792 44
792 782 753
411 661 617
661 864 617
1021 661 686
864 661 1021
299 35 405
1158 299 405
600 411 617
35 600 617
411 600 44
299 600 35
600 939 44
600 299 939
386 713 474
695 1120 3
1040 1120 474
1120 386 474
679 695 1021
679 764 1072
764 679 1021
386 679 1072
679 1120 695
1120 679 386
229 754 923
608 229 923
531 8 752
8 531 608
716 8 608
8 554 752
531 518 608
518 229 608
705 518 465
518 531 465
274 652 694
729 94 712
94 274 712
274 94 652
43 94 729
312 1172 680
93 95 360
95 93 697
601 691 906
145 601 906
691 601 971
601 481 971
601 565 481
565 601 145
1100 729 712
1100 737 729
691 460 906
481 476 971
553 476 481
905 14 742
706 933 69
1142 142 522
1114 140 329
316 244 828
140 167 329
167 1034 329
1162 167 620
167 1162 1034
142 772 522
772 142 57
673 602 753
602 673 796
782 673 753
404 673 782
796 673 470
673 404 470
213 283 796
213 796 470
213 825 343
283 213 343
802 213 470
213 802 825
237 1094 371
501 1104 155
501 702 1104
237 501 155
501 237 979
993 611 371
979 611 727
611 237 371
237 611 979
22 230 408
224 993 371
224 1094 365
1094 224 371
1177 67 410
67 1177 575
713 1102 474
345 713 1062
345 166 1053
1102 345 1053
345 1102 713
702 1191 1062
1191 345 1062
345 1191 166
1040 133 823
133 738 823
133 1040 474
567 444 1072
444 567 1062
713 444 1062
444 386 1072
386 444 713
925 1048 881
257 315 255
738 1155 670
1155 211 670
1076 445 314
765 445 1076
149 632 487
330 468 92
468 632 92
723 468 330
632 468 487
766 322 325
322 716 923
322 766 1103
322 923 143
325 322 143
665 367 1103
766 665 1103
665 92 367
665 766 302
232 313 848
72 543 1060
141 72 228
141 395 756
543 141 756
141 543 72
356 455 208
418 1133 52
648 418 52
626 163 37
163 626 891
13 900 412
859 1192 52
859 1133 749
1133 859 52
1192 761 1151
1057 761 1013
761 1057 1151
761 1192 1038
73 903 291
73 1160 903
73 291 580
846 1181 515
846 515 721
28 846 1167
846 721 1167
515 108 129
1181 108 515
129 108 580
108 73 580
469 943 693
943 714 605
714 1074 605
165 714 943
1074 714 1059
714 124 1059
714 165 124
821 326 173
1169 734 81
402 734 1169
734 72 81
72 734 228
852 1079 830
852 842 206
842 852 830
449 1022 1163
1022 449 107
1022 160 1163
160 1022 494
704 1190 152
494 704 152
486 160 152
160 486 205
205 486 552
486 929 552
929 486 152
916 929 1190
916 1190 387
77 916 387
916 77 830
970 692 426
1008 970 426
692 970 636
692 507 426
1112 507 637
507 692 637
243 603 797
871 243 280
940 1164 264
1164 940 806
603 317 797
317 882 85
1081 882 612
882 1081 85
853 1081 612
1081 853 239
853 740 239
650 610 746
740 650 239
610 650 973
723 467 327
467 919 327
117 467 364
467 117 919
1075 723 330
1075 330 264
467 1075 364
1075 467 723
591 1010 161
357 1010 310
1010 357 161
1118 790 351
790 527 618
527 790 1118
293 869 31
869 293 245
948 739 234
527 948 234
948 527 1118
948 911 739
561 311 838
619 425 678
425 619 1041
854 975 91
975 12 91
12 975 1105
874 22 408
902 588 876
902 466 932
783 902 876
101 783 876
466 783 378
783 466 902
378 783 984
783 101 984
1108 114 896
984 114 309
114 1108 309
595 833 223
667 336 953
1030 336 667
498 1189 122
1161 597 630
97 722 324
855 15 1161
15 597 1161
597 15 38
97 15 855
861 1110 1037
271 897 816
967 372 437
55 42 816
271 42 942
42 271 816
262 261 208
447 733 1156
897 992 816
992 258 816
258 226 901
226 258 1156
381 745 1032
745 388 1032
912 368 196
180 368 1064
196 368 180
368 912 170
368 1065 1064
368 170 1065
68 495 823
912 495 170
495 68 1167
170 495 1167
1115 912 3
1120 1115 3
1115 1120 1040
1115 495 912
1115 1040 823
495 1115 823
394 1068 686
661 394 686
792 394 411
394 661 411
419 937 1064
401 419 1064
419 401 754
229 419 754
1033 299 1158
299 1033 939
1033 720 939
720 1033 815
737 599 115
599 460 691
460 599 737
791 1158 963
791 963 115
791 1033 1158
1033 791 815
599 791 115
659 832 427
652 1122 694
1122 652 752
554 1122 752
1193 1122 554
367 794 1103
936 8 716
8 936 554
936 898 554
420 94 43
531 420 465
420 43 465
94 420 652
420 531 752
652 420 752
1184 659 427
659 1184 1193
849 312 613
849 1172 312
960 498 122
225 960 122
835 1056 1087
1165 559 658
578 956 1166
1020 1071 79
835 294 839
294 835 1087
484 53 79
1071 484 79
53 1049 79
238 78 758
1128 1197 917
1197 944 630
1197 597 917
597 1197 630
596 74 263
74 596 78
961 266 795
266 961 743
266 36 795
36 266 478
266 743 421
478 266 421
423 1098 646
263 423 646
74 423 263
423 74 1020
1098 550 646
550 1098 536
1185 550 536
1100 320 737
320 460 737
320 542 863
542 320 1100
696 360 906
460 696 906
320 696 460
696 320 863
785 476 553
955 905 742
715 955 742
931 715 742
956 931 1166
825 566 343
566 203 343
735 566 825
100 977 614
1026 614 634
1026 100 614
297 1023 1166
1058 1023 282
14 406 742
969 1058 282
735 969 282
61 553 275
61 703 300
785 61 300
61 785 553
946 706 69
933 48 69
884 933 706
1162 880 1034
569 105 265
123 880 105
880 123 1034
569 123 105
123 569 893
167 354 620
354 167 140
354 1195 620
676 655 106
26 370 41
655 112 57
112 772 57
537 792 753
537 394 792
537 577 1068
394 537 1068
247 602 231
602 247 753
247 537 753
537 247 577
252 112 231
112 252 772
772 252 522
252 654 522
654 1080 283
283 1080 796
1080 602 796
252 1080 654
602 1080 231
1080 252 231
192 588 365
588 192 876
192 101 876
1104 1031 155
19 1031 1104
1159 237 155
237 1159 1094
1031 1159 155
1159 1031 1176
611 1099 727
1099 611 993
159 230 22
389 1099 993
1099 389 534
224 748 993
748 389 993
230 748 408
888 841 18
841 888 762
1177 1183 575
1183 888 18
888 1183 1177
315 564 255
519 99 414
99 519 968
662 865 881
166 677 410
1191 677 166
1048 920 881
920 662 881
662 920 391
920 671 391
671 920 915
820 257 925
820 925 881
865 820 881
820 865 315
257 820 315
1148 584 885
1175 1124 362
1124 339 362
98 698 333
1155 653 211
503 653 914
211 653 503
572 149 487
1017 322 1103
322 1017 716
1017 936 716
794 1017 1103
1017 794 898
936 1017 898
700 665 302
700 940 1146
92 700 1146
665 700 92
700 302 850
940 700 850
643 313 1036
313 643 568
643 1036 143
754 643 143
568 643 754
313 485 848
485 313 568
485 129 848
129 485 20
485 568 20
462 232 392
232 462 313
313 462 1036
462 765 1036
462 445 765
445 462 392
141 215 395
215 774 395
862 734 402
862 455 228
734 862 228
845 436 373
212 903 1044
208 509 867
261 509 208
509 261 1133
418 509 1133
798 30 195
268 1180 195
30 268 195
361 76 693
943 361 693
361 943 605
504 220 693
76 504 693
544 504 76
504 544 178
504 660 220
660 504 178
775 417 475
775 660 178
741 775 475
660 775 741
626 817 891
361 817 76
817 605 891
817 361 605
926 859 749
548 926 749
926 548 1123
1181 773 1038
773 761 1038
846 773 1181
761 773 1013
773 28 1013
773 846 28
425 551 678
551 165 678
165 551 124
1127 619 678
619 1127 177
469 89 943
89 165 943
165 89 678
89 1127 678
1190 332 387
704 332 1190
929 641 837
916 641 929
641 1079 837
1079 641 830
641 916 830
970 645 636
393 1008 1088
393 970 1008
1029 393 1088
393 1029 32
645 393 32
393 645 970
251 1083 327
1083 723 327
468 1083 487
1083 468 723
479 251 327
479 919 269
919 479 327
1109 1112 540
1109 507 1112
479 441 251
397 77 387
77 334 842
397 334 77
334 397 582
168 500 34
500 168 1009
585 1019 1140
982 243 871
982 1019 603
243 982 603
1019 982 1140
982 2 1140
103 243 797
243 103 280
1138 1164 806
1164 1138 458
1196 295 806
295 1138 806
1138 295 1090
1090 295 607
90 424 458
1138 90 458
90 1138 1090
90 1090 245
882 144 612
144 882 1187
317 674 797
674 317 85
1019 621 603
621 317 603
621 585 1187
585 621 1019
882 621 1187
317 621 882
529 117 364
529 348 117
674 118 797
118 103 797
103 118 424
83 1075 264
1075 83 364
1029 877 32
877 610 973
877 1029 610
650 82 973
82 650 740
184 685 516
357 685 161
685 357 516
357 918 516
911 918 31
918 357 310
527 11 618
1006 1082 607
1082 869 245
1090 1082 245
1082 1090 607
295 190 607
190 1196 314
190 295 1196
1039 293 31
1039 918 310
918 1039 31
293 1039 280
871 1039 310
1039 871 280
869 279 31
279 911 31
739 279 814
911 279 739
131 948 1118
131 1118 351
184 131 351
131 184 516
181 999 1077
181 524 999
181 56 524
181 571 56
1046 1070 571
571 1070 56
54 1046 571
54 181 1077
181 54 571
27 739 814
739 27 234
17 604 1107
928 477 4
511 928 4
688 12 1105
491 964 907
619 281 1041
281 619 177
281 286 1041
994 688 1105
688 994 171
289 994 1105
994 289 194
831 801 398
111 660 741
660 111 220
398 1024 914
801 1024 398
1024 209 914
209 1024 741
1024 111 741
111 1024 801
210 874 408
210 588 902
210 902 932
874 210 932
748 323 408
323 748 224
323 210 408
210 323 588
323 224 365
588 323 365
114 763 896
763 114 222
128 763 222
182 114 984
114 182 222
101 182 984
182 624 222
818 128 222
624 818 222
818 624 390
1003 667 285
1003 1030 667
1078 1003 285
497 1003 1078
1030 750 336
1025 574 954
217 1025 954
97 834 722
834 97 855
834 1025 722
1025 834 574
834 855 736
574 834 736
189 574 736
574 1000 954
1189 1000 122
1000 1189 954
189 1000 574
663 225 93
663 93 360
696 663 360
663 696 863
597 991 917
991 597 38
983 97 324
15 983 38
983 15 97
1110 446 1037
446 1110 349
921 1110 861
649 921 628
1110 921 349
921 649 349
232 369 392
1135 1145 24
581 862 402
372 1168 437
1168 42 55
455 1047 208
1047 262 208
862 1047 455
581 1047 862
262 1047 966
1047 581 966
490 447 826
62 992 897
258 576 1156
992 576 258
576 447 1156
447 576 826
576 62 826
62 576 992
226 403 901
745 717 388
649 717 349
388 717 284
717 649 284
870 745 381
403 870 381
870 403 226
733 870 1156
870 226 1156
518 438 229
438 419 229
419 438 937
438 518 705
937 438 405
438 705 405
720 784 939
939 784 44
784 782 44
784 404 782
560 720 815
476 560 971
560 328 971
328 560 815
328 691 971
328 599 691
791 328 815
328 791 599
858 109 832
659 858 832
109 858 910
794 930 898
858 930 910
632 1131 367
1131 794 367
149 1131 632
1131 930 794
1131 149 910
930 1131 910
60 594 694
60 1184 594
1122 60 694
60 1122 1193
1184 60 1193
1184 707 594
707 1184 427
770 981 1153
770 879 1157
219 777 613
777 849 613
860 1147 952
710 137 833
843 298 768
296 960 225
296 663 863
663 296 225
810 956 45
931 810 715
810 931 956
961 179 743
179 961 1087
578 651 956
956 651 45
651 1165 45
1165 651 559
294 186 53
186 961 795
961 186 1087
186 294 1087
1049 186 795
186 1049 53
16 484 480
484 16 53
16 480 839
294 16 839
16 294 53
185 1071 352
185 484 1071
484 185 480
1098 87 536
87 36 536
87 1049 795
36 87 795
962 1071 1020
74 962 1020
962 74 78
238 962 78
1071 962 352
962 238 352
78 1093 758
596 1093 78
1093 157 758
803 263 646
248 976 944
248 596 263
803 248 263
248 803 976
384 221 736
221 189 736
189 221 697
36 1137 536
1185 1137 275
1137 1185 536
1137 36 478
423 172 1098
1049 172 79
172 1020 79
172 423 1020
172 87 1098
87 172 1049
1113 1185 275
1185 1113 565
565 1113 481
553 1113 275
1113 553 481
241 1185 565
1185 241 550
241 565 145
404 197 470
197 802 470
802 197 300
197 785 300
726 297 1166
931 726 1166
726 931 742
406 726 742
726 406 297
703 1092 300
1092 735 825
969 1092 703
1092 969 735
1092 802 300
802 1092 825
183 566 735
183 735 282
183 1152 203
566 183 203
642 977 100
778 642 100
244 633 634
633 1026 634
316 633 244
1026 1027 100
1027 778 100
633 1027 1026
1149 1023 1058
1149 578 1166
1023 1149 1166
406 147 297
1152 147 359
1058 751 421
969 751 1058
751 478 421
751 969 703
337 48 49
689 569 265
1034 442 329
123 442 1034
442 123 893
545 442 893
346 1114 329
1114 346 1142
442 346 329
346 442 545
1142 499 142
346 499 1142
499 346 545
464 1152 359
1152 464 203
1114 657 140
203 1007 343
464 1007 203
1007 464 873
154 1142 522
154 1114 1142
631 370 26
631 26 988
577 631 1068
370 631 577
593 631 988
631 593 1068
439 676 106
563 439 106
439 563 684
988 987 358
987 19 358
1173 26 41
1173 439 684
676 1173 41
439 1173 676
1176 811 780
112 80 231
80 247 231
80 370 577
247 80 577
448 192 365
192 448 780
1094 448 365
1159 448 1094
448 1176 780
448 1159 1176
192 1043 101
1043 192 780
1043 182 101
182 1043 624
25 1099 534
1099 25 727
25 762 727
25 841 762
635 159 1054
159 635 230
635 748 230
748 635 389
389 579 534
635 579 389
303 579 1054
579 635 1054
564 935 255
935 564 968
519 935 968
415 1183 18
995 1148 885
995 662 391
139 800 885
800 995 885
662 800 865
995 800 662
253 67 575
139 253 575
253 139 885
584 253 885
6 979 727
762 6 727
202 1177 410
677 202 410
202 888 1177
6 202 677
888 202 762
202 6 762
21 677 1191
501 21 702
21 1191 702
21 6 677
21 501 979
6 21 979
1102 132 474
132 133 474
133 242 738
242 1155 738
132 242 133
242 132 120
301 671 915
920 895 915
895 920 1048
1148 980 584
980 1002 584
980 1148 1124
1175 980 1124
980 1175 1084
1002 980 1084
671 70 391
1148 10 1124
10 339 1124
995 10 1148
10 995 391
70 10 391
10 70 339
287 491 362
339 287 362
639 653 1155
109 256 1051
256 109 910
149 256 910
572 256 149
779 256 572
779 121 1051
256 779 1051
441 771 251
1111 141 228
1111 215 141
455 1111 228
1111 455 356
215 606 774
526 606 331
153 548 749
261 153 749
262 153 261
153 262 966
747 489 687
153 747 548
747 153 966
532 436 845
212 532 845
436 532 687
1123 532 1044
532 212 1044
162 549 331
162 356 867
775 259 417
259 775 178
509 1066 867
1066 509 418
335 817 626
416 926 1123
416 1123 1044
1160 416 1044
1127 589 177
194 589 731
589 289 177
289 589 194
332 290 387
290 397 387
397 290 535
718 704 494
879 1117 1157
947 348 746
947 1029 1088
610 947 746
1029 947 610
348 482 117
482 947 1088
947 482 348
482 1008 269
1008 482 1088
919 482 269
117 482 919
1109 1091 840
1091 1109 540
374 441 479
374 479 269
216 771 441
771 216 59
539 556 582
121 539 535
539 397 535
397 539 582
334 191 842
206 191 941
842 191 206
168 319 1009
788 982 871
788 871 310
1010 788 310
982 788 2
788 1010 591
2 788 591
103 547 280
547 103 424
547 293 280
293 547 245
547 90 245
90 547 424
922 529 364
529 922 1012
83 922 364
1052 650 746
650 1052 239
126 529 1012
857 126 1012
348 126 746
529 126 348
126 1052 746
1052 126 857
472 1081 239
1052 472 239
472 1052 857
1081 472 85
456 674 85
472 456 85
456 472 857
456 857 1012
918 65 516
65 918 911
65 131 516
948 65 911
131 65 948
11 562 618
681 1082 1006
279 681 814
1082 681 869
681 279 869
812 54 1077
440 27 814
27 440 17
440 604 17
508 96 1046
96 17 1107
1070 96 1107
96 1070 1046
1143 527 234
1143 11 527
270 27 17
96 270 17
270 96 508
1143 270 508
27 270 234
270 1143 234
156 508 1046
156 812 127
54 156 1046
812 156 54
921 719 628
719 921 861
688 827 12
827 311 561
12 827 9
827 561 9
286 267 854
281 267 286
267 975 854
975 267 1105
267 289 1105
267 281 177
289 267 177
171 699 907
0 994 194
699 0 450
994 0 171
0 699 171
111 340 220
220 340 693
340 469 693
818 776 128
884 135 933
135 884 525
433 135 525
483 750 1030
483 1003 497
1003 483 1030
1189 513 954
513 217 954
217 513 497
513 483 497
583 497 1004
583 217 497
759 583 1004
822 189 697
822 1000 189
93 822 697
225 822 93
822 225 122
1000 822 122
1037 1069 64
446 1069 1037
1069 490 64
490 1069 447
447 1069 733
1069 446 733
446 514 733
514 870 733
870 514 745
514 446 349
717 514 349
514 717 745
1194 232 848
1194 369 232
1194 848 580
291 1194 580
344 1070 1107
1070 344 56
388 199 1032
903 443 291
967 463 372
463 1145 372
326 463 1050
463 967 1050
821 463 326
463 821 24
1145 463 24
581 1055 966
1055 747 966
747 1055 489
288 55 901
288 1168 55
1168 288 437
288 7 437
878 1145 1135
1168 878 42
1145 878 372
878 1168 372
878 1135 942
42 878 942
560 517 720
197 517 785
785 517 476
517 560 476
1179 659 1193
1179 858 659
1179 1193 554
898 1179 554
930 1179 898
1179 930 858
429 1085 594
707 429 594
1085 429 1153
429 770 1153
429 707 879
770 429 879
50 1085 1153
542 844 804
844 1100 712
844 542 1100
274 786 712
786 844 712
461 219 457
461 777 219
860 986 843
986 298 843
250 986 952
986 860 952
396 860 843
396 710 833
595 396 833
396 595 1147
860 396 1147
1001 520 836
520 1018 836
137 520 1001
710 520 137
996 125 981
770 996 981
1018 996 1157
996 770 1157
453 542 804
1188 453 804
542 453 863
453 296 863
296 453 960
453 1188 960
179 306 743
306 179 559
651 306 559
306 651 578
559 104 658
179 104 559
104 1056 658
1056 104 1087
104 179 1087
803 5 976
813 1093 596
248 813 596
813 248 944
1197 813 944
813 1197 1128
813 1128 157
1093 813 157
227 221 384
227 384 630
944 227 630
976 227 944
642 872 977
872 14 905
872 642 14
47 1027 633
730 1058 421
730 1149 1058
743 730 421
306 730 743
1149 730 578
730 306 578
147 164 297
164 183 282
183 164 1152
164 147 1152
1023 164 282
164 1023 297
308 147 406
308 406 14
642 308 14
147 308 359
308 778 359
308 642 778
751 505 478
1137 505 275
505 1137 478
505 751 703
505 61 275
61 505 703
701 337 49
563 701 49
701 563 106
883 545 893
883 499 545
805 464 359
778 805 359
1027 805 778
464 805 873
805 47 873
47 805 1027
892 354 140
657 892 140
892 316 828
1195 892 828
354 892 1195
307 283 343
1007 307 343
307 654 283
555 657 1114
154 555 1114
808 987 33
811 808 33
808 1031 19
987 808 19
1031 808 1176
808 811 1176
1173 728 26
987 728 33
26 728 988
728 987 988
728 668 33
668 728 1173
23 668 684
668 1173 684
811 1129 780
1129 1043 780
624 1129 390
1043 1129 624
292 80 112
292 112 655
370 292 41
80 292 370
292 676 41
676 292 655
510 473 894
579 473 534
473 303 894
473 579 303
841 273 18
564 623 968
623 99 968
71 139 575
1183 71 575
415 71 1183
353 1002 1084
789 353 1084
353 789 120
353 1016 1002
132 570 120
1016 570 1053
570 1102 1053
570 132 1102
570 353 120
570 1016 353
789 66 629
1175 66 1084
66 789 1084
985 98 333
985 301 98
301 985 671
985 70 671
541 964 491
287 541 491
964 1063 311
311 1063 838
1063 512 838
541 1063 964
1063 541 333
698 1063 333
512 1063 698
242 627 1155
627 639 1155
789 627 120
627 242 120
627 789 629
639 627 629
779 187 121
187 539 121
539 187 556
556 187 59
771 113 251
113 572 487
1083 113 487
113 1083 251
342 779 572
113 342 572
342 113 771
342 771 59
187 342 59
342 187 779
875 606 215
875 1111 356
1111 875 215
162 875 356
606 875 331
875 162 331
774 998 1125
606 998 774
998 900 1125
900 998 412
998 526 412
998 606 526
573 436 687
489 573 687
7 573 489
430 747 687
747 430 548
548 430 1123
430 532 1123
532 430 687
1015 1171 549
1171 1015 1095
1171 1106 549
549 1106 331
1106 526 331
949 259 1186
949 418 648
949 648 417
259 949 417
949 1066 418
1066 949 1186
1096 259 178
1096 544 1095
544 1096 178
1015 1096 1095
259 1096 1186
1096 1015 1186
383 1066 1186
383 1015 549
1015 383 1186
162 383 549
383 162 867
1066 383 867
502 268 30
807 335 626
1180 807 37
807 626 37
268 807 1180
502 807 268
807 502 335
817 640 76
335 640 817
640 544 76
544 640 1095
851 416 1160
851 1181 1038
851 108 1181
73 851 1160
108 851 73
926 682 859
416 682 926
859 682 1192
1192 682 1038
682 851 1038
851 682 416
781 589 1127
781 89 469
89 781 1127
340 781 469
589 781 731
121 200 1051
200 121 535
1144 290 332
200 1144 1121
290 1144 535
1144 200 535
1022 799 494
799 718 494
799 107 836
799 1022 107
718 799 86
40 718 86
40 1144 332
1144 40 1121
40 332 704
718 40 704
130 1117 879
130 707 427
707 130 879
276 1091 1009
319 276 1009
276 319 1116
276 1116 840
1091 276 840
886 500 1009
1091 886 1009
886 1091 540
908 374 269
1008 908 269
908 1008 426
374 974 441
974 216 441
1116 974 840
216 974 1116
904 856 941
191 904 941
856 904 34
904 168 34
428 334 582
428 191 334
428 904 191
319 399 1116
216 399 59
399 216 1116
399 556 59
424 951 458
118 951 424
708 562 11
1143 708 11
708 1143 508
156 708 508
562 708 127
708 156 127
1174 440 814
681 1174 814
1174 681 1006
321 861 347
321 719 861
193 175 198
169 890 538
928 890 477
890 928 538
1119 193 198
889 827 688
889 171 907
889 688 171
964 889 907
889 964 311
827 889 311
459 690 450
459 831 398
760 398 914
760 459 398
459 760 690
760 639 629
690 760 629
653 760 914
639 760 653
0 207 450
207 459 450
459 207 831
207 0 194
207 194 731
831 207 731
338 111 801
338 340 111
338 831 731
831 338 801
781 338 731
338 781 340
39 776 818
23 39 390
39 818 390
763 590 896
434 433 525
483 744 750
744 1189 498
744 513 1189
513 744 483
744 498 957
750 744 957
938 1025 217
583 938 217
938 583 759
938 759 278
938 278 722
1025 938 722
1119 724 193
724 1119 169
724 169 538
945 724 538
615 46 647
725 199 151
725 845 373
725 373 1032
199 725 1032
1194 819 369
819 443 422
819 1194 291
443 819 291
212 675 903
675 443 903
675 212 845
725 675 845
709 1055 581
967 709 1050
709 402 1050
709 581 402
909 784 720
517 909 720
784 909 404
909 197 404
909 517 197
793 274 694
793 786 274
594 793 694
1085 793 594
732 50 355
793 732 786
50 732 1085
732 793 1085
1073 457 496
1073 461 457
953 1073 496
849 116 1172
379 116 849
461 249 777
777 249 849
249 379 849
236 125 768
125 236 981
50 88 355
246 609 1188
498 609 957
960 609 498
1188 609 960
471 1188 804
471 246 1188
1028 396 843
396 1028 710
1028 843 768
125 1028 768
996 318 125
318 1028 125
520 318 1018
318 996 1018
318 520 710
1028 318 710
95 58 360
360 58 906
58 145 906
669 803 646
669 5 803
550 669 646
241 669 550
227 587 221
5 587 976
587 227 976
701 400 337
400 701 106
400 655 57
655 400 106
569 924 893
924 883 893
555 158 657
47 158 873
755 555 154
307 755 654
654 755 522
755 154 522
1129 965 390
965 1129 811
965 23 390
965 668 23
965 811 33
668 965 33
273 136 18
623 136 99
136 415 18
136 623 415
99 1130 414
136 1130 99
1130 136 273
25 1045 841
1045 273 841
1045 25 534
473 1045 534
71 829 139
865 829 315
800 829 865
829 800 139
623 809 415
809 71 415
809 623 564
809 829 71
809 564 315
829 809 315
1016 972 1002
253 972 67
972 253 584
1002 972 584
377 690 629
66 377 629
1150 985 333
541 1150 333
1150 541 287
985 1150 70
70 1150 339
1150 287 339
573 1170 436
436 1170 373
1170 381 373
1170 403 381
403 1042 901
1042 288 901
1170 1042 403
1042 1170 573
288 1042 7
1042 573 7
798 119 30
526 119 412
1106 119 526
119 13 412
119 798 13
1141 502 30
1141 1106 1171
119 1141 30
1141 119 1106
1 1171 1095
640 1 1095
1 1141 1171
1141 1 502
502 1 335
1 640 335
200 990 1051
990 109 1051
109 990 832
990 200 1121
188 799 836
799 188 86
188 1117 86
1117 188 1157
1018 188 836
188 1018 1157
102 40 86
40 102 1121
1117 102 86
130 102 1117
908 134 374
134 974 374
507 134 426
134 908 426
974 134 840
1109 134 507
134 1109 840
978 319 168
904 978 168
428 978 904
488 456 1012
488 951 118
488 118 674
456 488 674
989 922 83
488 989 951
922 989 1012
989 488 1012
440 824 604
1174 824 440
1005 190 314
664 1005 1014
1005 664 190
664 1006 607
190 664 607
380 558 647
1089 557 363
557 868 363
868 46 363
46 868 647
868 380 647
380 1101 407
868 1101 380
1101 868 557
413 344 1107
604 413 1107
413 1089 344
1089 413 557
321 176 719
176 175 719
175 176 198
451 563 49
451 767 776
48 1139 49
1139 451 49
451 1139 767
1139 135 433
767 1139 433
1139 48 933
135 1139 933
776 959 128
767 959 776
1126 23 684
1126 39 23
563 1126 684
451 1126 563
39 1126 776
1126 451 776
344 638 56
1089 638 344
928 666 538
666 945 538
724 866 193
866 724 945
649 110 284
110 649 628
452 110 628
615 523 151
523 615 647
558 523 647
523 558 422
493 615 151
199 493 151
493 388 284
493 199 388
385 725 151
385 675 725
523 385 151
385 523 422
443 385 422
675 385 443
709 950 1055
7 950 437
950 967 437
950 709 967
950 7 489
1055 950 489
1134 732 355
732 1134 786
1134 471 804
471 1134 355
844 1134 804
786 1134 844
336 530 953
530 1073 953
116 913 298
847 913 1061
913 379 1061
913 116 379
986 592 298
592 116 298
116 592 1172
1172 592 680
592 250 680
592 986 250
598 88 50
598 50 1153
598 236 847
88 598 847
981 598 1153
236 598 981
88 1136 355
1136 471 355
471 1136 246
669 546 5
58 546 145
546 241 145
546 669 241
221 1067 697
587 1067 221
1067 95 697
400 366 337
924 366 883
883 997 499
997 400 57
366 997 883
997 366 400
142 997 57
499 997 142
689 1182 569
1182 924 569
1182 946 69
1182 689 946
48 218 69
337 218 48
218 1182 69
1182 218 924
366 218 337
218 366 924
158 757 657
757 158 47
892 757 316
757 892 657
757 633 316
757 47 633
755 492 555
158 492 873
492 158 555
492 1007 873
492 307 1007
492 755 307
1130 146 414
431 1130 273
1045 431 273
146 431 510
431 146 1130
431 473 510
431 1045 473
150 1016 1053
150 972 1016
972 150 67
166 150 1053
150 166 410
67 150 410
690 350 450
377 350 690
350 699 450
201 66 1175
201 377 66
201 350 377
201 1175 362
409 130 427
409 102 130
102 409 1121
409 990 1121
832 409 427
990 409 832
1132 399 319
978 1132 319
399 1132 556
556 1132 582
1132 428 582
1132 978 428
454 989 83
1164 454 264
454 83 264
454 1164 458
951 454 458
989 454 951
341 1014 407
1101 341 407
445 272 314
272 1005 314
272 445 392
148 664 1014
341 148 1014
148 341 824
148 824 1174
148 1174 1006
664 148 1006
533 819 422
558 533 422
819 533 369
590 586 432
959 586 128
586 763 128
586 590 763
435 767 433
435 959 767
434 435 433
435 434 432
586 435 432
435 586 959
638 51 56
51 511 524
56 51 524
51 638 927
958 666 928
666 958 927
958 928 511
51 958 511
958 51 927
683 866 945
866 683 452
638 63 927
63 638 1089
63 1089 363
240 63 363
204 866 452
204 452 628
204 175 193
866 204 193
719 204 628
175 204 719
1073 235 461
530 235 1073
235 249 461
84 530 336
84 750 957
750 84 336
298 233 768
913 233 298
233 236 768
236 233 847
233 913 847
546 672 5
672 587 5
672 1067 587
1067 672 95
672 58 95
672 546 58
350 277 699
201 277 350
277 491 907
699 277 907
491 277 362
277 201 362
138 341 1101
138 1101 557
413 138 557
138 413 604
824 138 604
341 138 824
1005 1178 1014
272 1178 1005
1014 1178 407
533 1097 369
369 1097 392
1097 272 392
1097 1178 272
622 558 380
622 533 558
622 1097 533
622 380 407
1178 622 407
1097 622 1178
683 711 240
711 666 927
666 711 945
711 683 945
63 711 927
711 63 240
769 110 452
683 769 452
769 683 240
235 375 249
379 375 1061
249 375 379
887 235 530
84 887 530
887 375 235
376 769 240
46 376 363
376 240 363
375 75 1061
75 1136 88
75 847 1061
75 88 847
528 887 84
528 84 957
609 528 957
528 609 246
376 304 769
493 304 615
615 304 46
304 376 46
769 304 110
110 304 284
304 493 284
887 254 375
254 75 375
75 254 1136
1136 254 246
254 528 246
528 254 887
