1.595520507595280923e-03 -3.778052584378947115e-02
-4.599002870476219355e-03 1.208612858118831082e-02
3.081113663036382649e-02 3.279746723233032540e-02
3.137539586686380333e-02 -1.363073313440688744e-02
3.107670169941256083e-02 -3.254594614306881295e-02
2.714617317356650752e-02 1.961913148944052429e-02
-5.517671010410850167e-03 7.475002500983159159e-03
-1.279366240671499927e-02 -4.186436665181543504e-02
2.366439261670465893e-02 -1.350522072969335963e-02
2.410085422817594136e-02 3.242871667403323527e-02
-3.754173964396750190e-02 1.420717520678801971e-02
-2.682379755427079585e-02 3.430986038006031413e-02
1.159236030732007684e-02 -3.453355091821623535e-02
7.821955459280830608e-03 1.693506261659708228e-03
2.810626778078285579e-02 -2.552584365339015393e-02
9.038097124234601917e-03 -3.387968488762931052e-02
1.878390426072161501e-02 -3.934488031259424784e-02
-2.890154013637844313e-02 -2.781997970270027459e-02
2.844105298390954550e-02 -3.332750353899124884e-02
1.547979977808004032e-02 2.875984011216964342e-02
1.446287969522220065e-02 1.819214306652270491e-02
-1.691980660241199086e-02 2.835899664724897060e-02
-3.591326924048258290e-02 -7.218678608610089482e-03
-1.072192310016929773e-02 -3.152589785643182541e-02
-3.877736084928262716e-02 -1.085099089529925273e-02
-2.371644454015784179e-02 -3.824304187956690387e-02
2.504479248304699451e-02 -3.399849395288667697e-02
-3.203679004512981210e-02 2.656298595667033399e-02
-1.619722619840835431e-02 -4.056645537477145819e-02
-1.802576529612009634e-02 5.527032388590184635e-03
1.239458424766392251e-02 3.252059546518645816e-02
4.298342204099833697e-02 -5.977012158640251406e-03
3.034163004430417282e-02 2.671322616159374497e-02
-1.320294943235250998e-02 2.135673188703390152e-02
2.556637908452293918e-03 -3.105612801039638743e-02
1.760947500762186091e-02 1.960361573223260573e-02
-8.050719812572305900e-03 3.665561978501970936e-02
7.179788265785097155e-04 2.642550915826313157e-02
2.164937724202659237e-03 -6.153814318711671276e-03
-4.194786252828851258e-02 -1.179958606902687182e-02
-9.748439306443788116e-03 3.484356566798173932e-02
3.839903780320384069e-02 -1.791521907942977138e-02
1.477338207399053922e-02 3.335150539900656047e-02
1.892940013426821361e-02 2.524691587092418865e-02
-1.436531418549373204e-02 -1.808193594306192406e-02
3.892478914503796905e-02 1.085694771570151589e-02
-2.103904773153594809e-02 3.977886961807082511e-02
2.613449203517132641e-02 -3.663315881096088772e-02
2.549549134819815294e-02 3.552652362636297273e-02
1.142363304065614413e-02 3.667136037037198315e-02
-3.498165671876234117e-02 1.905533853401470898e-02
6.932536503332554015e-03 -3.956856536466363955e-02
1.550939463301727328e-02 4.067795363226518052e-02
3.753937545389311563e-03 2.086265809953401565e-02
-7.159654981427151024e-03 4.319407982988358874e-02
2.497328918612710469e-04 4.065922910293857939e-02
3.392670276967436199e-02 -1.274010998810839665e-02
1.824254821598328413e-02 4.113647323743875595e-02
-3.360524590025362746e-02 6.857223162440123816e-03
-3.301897299401489183e-02 2.244390845822358607e-02
-2.856621100867602625e-03 -7.849328569383079782e-03
3.373671377609897826e-02 -2.765629528470273102e-02
-2.116249524455687467e-02 3.021814864378389101e-02
4.072533153133515299e-02 9.594001333300426759e-03
2.051182893288173992e-02 -4.580081697891001669e-03
-4.311581738956617865e-02 -1.288511879559862267e-02
1.272569686024235987e-03 4.217868066699991675e-02
4.015639384262321282e-02 -1.704200911818582603e-02
4.207949359399674322e-02 -4.308951800044773586e-03
-2.313758422707405324e-02 1.807930733633012974e-02
-2.947751497475240359e-02 4.110379821992251985e-03
3.486737008729910020e-02 2.667876295011334387e-02
-1.641542407431731757e-02 3.898976212429311472e-02
-1.877923037080007559e-02 3.009236585522934854e-02
-2.527049770291592626e-03 3.817990469910817475e-02
1.865113096657536329e-02 -3.349061784630743416e-02
2.911236068895176055e-02 2.106997621494857004e-02
-3.883898583856602166e-02 7.732118887373784976e-04
1.898634105739428063e-02 3.430694247804928071e-02
-6.796947443058505914e-03 3.847557976852594708e-02
3.328117239493490892e-02 -1.505189536042051898e-02
3.310243901016001605e-02 1.207487091382067161e-02
-3.564939397114693515e-02 -1.921113244060838540e-02
-2.432979673858211983e-02 2.394196717786743062e-02
6.090584375182261576e-03 -3.754382567077638178e-02
1.290975688577058328e-02 2.740562817202231785e-02
2.851758786244258312e-02 -1.777355184607891034e-02
-1.690608810704253076e-02 -1.501525931463909384e-02
2.326815324658302805e-02 4.380089884510694601e-04
-3.752900223716715972e-02 2.483090800936111481e-02
1.255413682190623798e-03 -4.202801957108486669e-02
-3.078632960684685171e-02 3.282075426214198233e-02
-1.128143690132108606e-02 4.086612200490376268e-02
2.655568727441838875e-02 -5.869002142021772714e-04
-4.669850189728636143e-03 -1.236109709534869046e-02
3.218746149449583371e-02 -3.144785083850017149e-02
1.416976182998335061e-02 -2.521809173270460336e-02
-1.533834934322950670e-02 -4.230526017818304202e-02
-2.567990107066960015e-02 1.654780414950145565e-02
3.172609698611952161e-02 -2.098608460570651132e-02
-1.654916016956910901e-02 -3.862489266588930992e-02
3.968850756101205413e-02 1.790139348897237109e-02
-2.898876447718473290e-02 -4.320646260438494590e-03
3.409285333468624335e-02 2.937136955019162277e-02
3.518487950088176192e-02 8.083924117643595531e-03
-3.381670831454004073e-02 2.750365442052555079e-02
2.286816233594601497e-02 3.734846093542133066e-02
-6.002071763993334190e-03 -4.199018840824657317e-02
-3.297098180795061950e-02 2.016671752835249784e-02
-4.281916834005060346e-02 -8.490983578249174796e-03
4.066220209929355400e-02 1.134566093839316399e-02
1.516247433320466395e-02 -3.463527978410475133e-02
1.132871341745493414e-02 -4.209690946253201449e-02
-2.205016762909490710e-02 -2.646122533944774216e-02
1.499500867886328567e-02 3.543503656358767961e-02
-1.530110112459818518e-02 -1.844194250576289707e-03
-3.969079431746723452e-02 4.452448546549690397e-03
2.584423276163082955e-02 -6.507086768852992156e-03
9.375797415677634625e-03 -4.401243483691415909e-02
1.219106622862566915e-02 4.038826424931556830e-02
-2.400745642063097790e-02 -3.411562388917472460e-02
-1.374058298934759982e-02 4.285086205007277577e-02
-9.681838408598070211e-03 -4.268655924434421739e-02
2.718651061172340511e-02 2.948814956850488722e-02
-1.708452812774832741e-02 4.035443484286610483e-02
-3.663697189936980514e-02 2.612914633623726265e-02
2.741152846164193052e-02 3.568764639572043207e-02
-4.073630388384241741e-02 3.428441714320567277e-04
1.975211532615161678e-02 -4.043332706476233940e-02
2.060761162772049501e-02 2.984305513432567239e-02
-1.941887324948264951e-02 -4.059442524862593576e-02
-3.627503175659827633e-02 6.922647190677541987e-03
2.656242705438481913e-02 2.728728815877057637e-02
2.614898460773663544e-02 3.271777803385478300e-02
1.337337449947588290e-02 2.445477605394965129e-02
-2.699368495799616893e-02 -3.234458547701097447e-02
-4.483943361372687286e-02 3.798050984168543833e-03
-1.473764501664093750e-02 -3.518926776274555052e-02
-3.391586572829660001e-02 -2.226155459130889358e-02
1.178299266904457923e-02 -3.687682499560181876e-02
3.212190744722701746e-02 2.542888629482688290e-02
-3.582616540523902993e-02 2.468175226250661491e-02
-2.068325815675909479e-02 -2.874446068416872113e-02
1.550689911900911787e-02 -4.224376972057194979e-02
-2.565086605110727599e-02 3.546088001647774296e-02
3.724698737329588255e-02 -1.957215337634523201e-03
-2.696872515770071602e-02 1.003151868080509428e-02
-4.162208037359611812e-02 7.187698852006902707e-03
3.295771460563810904e-03 3.841120214910649644e-02
-3.369199284062216609e-02 -1.597502425559573294e-02
-4.158275685608266853e-02 -1.720099806327513720e-02
-3.567124345405080915e-02 2.743287063657870450e-02
3.830307593098328939e-02 -2.131288313784818547e-02
1.480749616798802092e-03 3.243868547682261794e-02
-2.265424426572841543e-02 -2.178491906557291843e-02
2.325370895002006749e-02 -2.467329657730680387e-02
3.674957712968250634e-02 2.414299445484529433e-02
3.424928075771305203e-02 1.222809444267975755e-03
-1.371109549259710327e-02 3.759558739526166343e-02
-3.670424451197516064e-02 1.070604487044543932e-02
2.183312711132616782e-02 2.475437634397511036e-02
1.561563460679531862e-02 -3.680027271353163848e-02
3.164195718738013058e-02 -2.473851020320684546e-02
-3.499657610489495529e-02 2.608438732067501833e-02
-2.970196818602614114e-02 -2.086446614946394981e-02
-4.428554714413819593e-02 -7.986883691901694102e-03
3.035322221783198424e-02 3.130116285628617434e-02
3.041984046627778382e-02 -2.630023905503297774e-02
4.499881873363397594e-02 -3.260513599748412214e-04
4.474517462345822816e-02 4.782190594526301852e-03
-4.862535423913523936e-04 3.852404415822383715e-02
4.485138285475945286e-02 -3.654238051239073505e-03
4.108607735194513833e-02 1.835576878707854617e-02
-8.645255795768045119e-04 3.627666582166866327e-02
-4.017631007705216306e-02 6.367207023478063839e-03
3.858068275477899434e-02 1.639199465038869777e-02
-4.042098671645041191e-02 -1.676236165735194711e-02
-4.015439896006921944e-02 -1.226234110165499817e-02
1.993735626686555032e-02 -1.152169721396630779e-03
-6.046430081885195013e-03 -1.727254905408242766e-02
-1.228194550368530077e-02 -4.041614306520313615e-02
1.209852386552550188e-02 4.334311618601564831e-02
2.247894120764148615e-02 2.200318316796697621e-02
4.236240938769562925e-02 -1.517979800983414347e-02
-2.408405503526564462e-02 -3.058368850202997091e-02
1.837882032406708971e-02 -4.107577099313503705e-02
2.098373131735208411e-02 -3.980807727730592549e-02
2.882226204297253652e-02 2.369437129661467606e-02
-4.144319945704108554e-02 1.333912572304379353e-02
1.866201656522262567e-02 -2.132874307243462150e-02
-2.527834965939067258e-02 -8.414618777658207371e-03
-3.427285077166745270e-02 -1.140165404076125093e-02
-3.046281250362111587e-02 -3.312124776727273096e-02
3.563424498957078884e-02 -2.218178823213745945e-02
-3.259415421061145901e-02 9.183262784836951700e-03
1.688657898882469158e-02 4.000563621342004966e-02
-3.150455027551651854e-02 -1.698042464469282781e-02
-6.285357294168874252e-03 1.835424370742798437e-03
-4.298346536857382272e-02 8.207929346813129523e-03
2.033754638750535568e-02 -2.945144791478413598e-02
2.629420437758495446e-02 3.651869131017419084e-02
-3.057335924816273129e-02 3.101725133078931176e-02
3.712988820750123126e-02 2.542383531045798103e-02
3.576290697197336693e-02 -8.155616056122232810e-03
8.320756822469622255e-03 3.392335414563880935e-02
-1.667415738501176400e-02 4.179679976864615620e-02
2.196267170955236089e-02 -3.563205453233023873e-02
2.617167914598683698e-02 2.683985360591955010e-03
-1.457064204406919965e-02 1.205573465435241798e-02
2.652691193496973035e-02 -3.055194221652928269e-02
-1.134716097070144654e-02 2.767546935332134903e-02
6.212562725890293652e-03 -4.131555113202221852e-02
-3.925694251020301478e-02 2.199755587675690863e-02
1.287801863805376583e-02 -3.030291113242574233e-02
9.876880369133573742e-03 2.870920291057370982e-02
1.466486891814109544e-02 1.203030233515523656e-02
-2.236119017179370380e-02 2.591347228775561784e-02
4.178058551707370533e-02 -1.671474413030886799e-02
-7.760732395382250598e-03 1.507979884230369223e-02
-6.042444357629478228e-03 2.333217207818033892e-02
-8.000448189707874691e-03 -4.260139732549560881e-02
3.325294758784056587e-02 -1.950331604311631231e-02
4.289114651851722720e-02 -1.361431409500170331e-02
-6.500069839463011936e-03 3.184253873673724422e-02
-3.230097325917723888e-02 -2.717919901523689619e-02
-2.855547964307240602e-02 2.365156649774592321e-02
-2.807460896272853668e-02 3.323843978853456560e-02
-1.222236203945183293e-02 -9.938456361736116781e-03
-2.079820700110518797e-02 3.433149259069655235e-02
3.297413958414189411e-02 2.130910479572461352e-02
3.632742676267818743e-02 -1.204793920612266291e-02
1.383309568415816470e-03 -4.497873331994242663e-02
-3.883419199254114357e-02 -2.273555649446848750e-02
-2.230997099677951151e-02 -6.258576962568318525e-03
2.480321926974540098e-02 3.412921754507021455e-02
-3.040757177233742795e-02 2.524813564328178342e-02
-3.051244349888872567e-02 2.738083753999481090e-02
-3.968584311933234104e-02 -2.121400137410561423e-02
-3.368383757862112443e-02 -1.815446360957195110e-02
-2.211925665122059514e-02 3.242150638901594023e-02
-3.227107694503895691e-03 -2.920783151424744331e-02
1.719243850705091600e-02 -4.005306534379311084e-02
3.253549339636831877e-02 -2.311027269280541141e-02
5.266324467096980197e-03 4.162356367191233364e-02
-8.785183817578414919e-03 -3.550171487479634319e-02
7.169849281962306642e-03 1.945497690795782234e-02
-4.240901956057901989e-02 -1.014747158532775841e-02
4.095131102630052145e-02 1.462334914504315880e-02
-3.765192506656656751e-02 -1.670955126046467717e-02
-1.169408899386566170e-02 -5.142274782105604736e-03
-3.261243672573652108e-02 -1.262427433647597208e-03
1.747883797254787611e-02 -3.681087966097890130e-02
1.614217504669492043e-02 3.696552600999249844e-02
4.175875348292606287e-02 -1.243314154330749793e-02
3.785843787450614284e-02 1.814959747917366598e-02
-4.200560887122738174e-02 1.614090514668597293e-02
2.176353785932729282e-02 -2.694080280449337797e-02
3.320686994108367884e-04 1.863094759508063247e-02
4.388686193398685931e-02 2.047859529147789785e-03
-3.512159553442627952e-02 -9.152254466959958840e-03
2.777802107140288704e-02 -2.290941254626316370e-02
3.401763250102437380e-02 2.434219702265093960e-02
1.274773497774024655e-02 -1.637429929964986583e-02
-4.090069792282288036e-02 1.491822207082144254e-02
2.953290999716161325e-02 -1.174130698680267600e-02
-6.579185675700011983e-03 4.180773440139716468e-02
-3.112380587870792071e-03 -4.349095872811434976e-02
-1.872920185587085770e-02 1.362530295934646744e-02
-4.219199622638955538e-02 -5.156578661044183137e-03
4.329673664614559075e-02 -2.765754383625454796e-03
-1.374902625838531761e-02 3.178781484212642866e-02
-3.761274108826228452e-02 -1.011259281564140739e-03
-3.650827782947772132e-02 9.724060284058820168e-04
-4.252121828751989630e-02 1.007289524721950887e-02
-3.387874615550134222e-02 -1.374042557295677459e-02
4.315011097783477689e-02 1.276980492978011320e-02
-1.125602753711619532e-02 3.049595103553999140e-02
-2.083043321250690333e-02 -2.406337652469919819e-02
1.865532596991982366e-03 -2.109928372631637503e-02
2.472054871951017904e-02 -1.013103496436665828e-02
-1.389956047915580535e-02 -4.279955859529389894e-02
5.378765071241275661e-03 -3.021321512404516810e-02
-1.294872843490072617e-02 -3.311255727115741676e-02
-3.741064446681244965e-02 -9.169206578883769970e-03
-2.495794733288559178e-02 2.885963826384223621e-02
1.605415214001200408e-02 2.610398060127490719e-02
-3.355192505256455321e-02 1.343823932338020742e-02
-2.379380618713167195e-02 2.105204639442395664e-02
-3.241289704938794120e-02 2.840565826187485543e-02
-3.054643959819941523e-02 -2.280809346978062910e-02
-1.614627026983695562e-02 -1.099372125048019878e-02
3.780596020469240842e-02 2.089552139208898044e-03
1.397358841231102766e-02 3.980776181239363554e-02
3.776874783343099617e-02 4.843985354458293750e-03
8.840063656975781503e-03 -1.751430202519345045e-02
2.122602649911877262e-02 3.775250247753417915e-02
-3.844914697136644216e-02 6.605470028960841976e-03
1.233976099186476390e-02 -3.873187072241578849e-02
-3.569506407012001253e-02 -2.119679521059417843e-02
-7.676200890976048359e-03 -4.434045484021564842e-02
9.569191105491446636e-03 4.271684460238137776e-02
-1.783971906779992234e-02 -3.974542504211464600e-02
3.910967879361704896e-02 8.675781495468156551e-03
-6.527574945573004842e-03 -3.450780805853009142e-02
3.692967938640828729e-02 -1.906265299477407499e-02
-9.442581485462436114e-03 4.087448860469199141e-02
-1.406916594752584447e-04 -4.499978001054656673e-02
-2.798628224869224856e-02 6.933106002952598747e-03
-3.058096052014646488e-02 2.304232691164655525e-02
-4.068879768782470568e-02 -1.049143952383941626e-02
3.825088537069511619e-03 -3.734055905749231186e-02
3.813747899682062154e-02 -4.075365402178432982e-03
-2.461241893084368387e-02 -2.663965568943104517e-02
-2.868465726846504762e-02 2.099791241279882342e-02
1.006759477673085934e-02 -4.073753768797123281e-02
1.036119676416819534e-02 -3.855304035199688673e-02
4.125093905086128776e-02 -1.400632182171309553e-02
1.304064727547379725e-02 3.844619026838286963e-02
2.075416330443389731e-02 6.625294371252444907e-03
3.977481576333920937e-02 1.289438777956691817e-02
1.073717687774468008e-02 1.861024278866838313e-02
-1.706161795439423493e-02 1.976670799913429755e-02
3.451492912255373774e-02 -2.641066065505085284e-02
-9.807391981707070175e-03 -2.355298730882692676e-02
-4.211254841329599430e-02 -1.585980026964740192e-02
3.542611874286689250e-02 2.517806900150153585e-02
-2.578147645105458366e-02 -3.376331944955349162e-02
-3.672212492201781114e-02 2.338340149279481694e-02
-4.639178945423127684e-03 3.814598422896996188e-02
2.008857329980722958e-02 2.791488863469597428e-03
3.728407803034550216e-02 1.471113194695769164e-02
3.302636398282968178e-02 3.056565520749884510e-02
1.391462406613268830e-02 -3.771435731433605415e-02
3.077215251983781178e-04 -4.357329022380821565e-02
-1.703152038315245385e-03 4.025472848694020694e-02
-3.511053741466924755e-02 1.706366690617722864e-02
-3.413560385521884066e-02 2.423729114543446070e-02
-1.276115746517066021e-03 3.901095081809295706e-03
-1.089687971698450816e-02 -7.983046043723414310e-05
-8.442034095987883393e-04 4.206862762001958161e-02
7.075666732900469033e-03 2.674648692650291940e-02
-4.142410550983356005e-02 8.838832181394879611e-03
-3.779994260802285733e-02 2.214059526600214295e-02
-2.987771923655326706e-02 -1.371706970784116169e-03
-2.089300472450028937e-02 3.637447985473721279e-02
-1.053486463855355694e-02 -1.766992107915208582e-02
-3.931330231724051300e-02 -1.794570153733099707e-02
-3.442129182543296473e-02 -2.414323480165184166e-02
2.128437956282990332e-02 -1.084395272859442656e-02
4.042054792511106005e-03 3.378065469784460872e-02
2.434091086682162522e-02 -2.686722354970920087e-02
3.451393903919848516e-02 -6.066050101701644416e-03
-2.085176156583576357e-02 -3.987736246650353672e-02
-3.604038616802156952e-02 -2.694606770314326299e-02
-3.186987966201188655e-02 3.176965171548647160e-02
2.946648328127497718e-02 -3.208720359185953525e-02
1.748270002533961268e-02 -2.911878805575167373e-02
-1.969229810737130326e-02 -3.705448007686498041e-02
-3.175686751492924620e-02 -2.536467079467998736e-02
1.279781226582709860e-03 2.937790057532083110e-02
-3.799893186896873692e-02 -2.410562539933542442e-02
-2.187963400871862502e-02 -3.073604605456619135e-02
-2.412037585322616973e-02 3.600115320820413550e-02
-2.587618670166377463e-02 1.346023344824605339e-02
4.194562722703911589e-02 4.300899548836953704e-03
-2.176402020380433996e-02 2.300446409987113097e-02
3.096568609431212329e-02 -1.873875564654110468e-02
3.687205709642554785e-02 -2.081070844601960387e-02
-1.427715851836453866e-02 -4.102068307166147759e-02
-2.277514372514553208e-05 -3.596612743427877318e-02
1.388828674348369790e-02 3.707282932172637629e-02
4.344913006442256004e-02 4.852557047359840081e-04
-2.312865445183084553e-02 -2.862481777972809144e-02
-2.408382708973521094e-02 1.088923746892150879e-02
8.263138858490197067e-03 -3.772042387197984542e-02
-1.829618753702929451e-02 3.925591588994468972e-02
2.394817134583116999e-02 3.595552767756988316e-02
3.380282997291499114e-02 -2.163725013843766781e-02
-9.509506121155855349e-03 2.229502997915519188e-02
3.476762089713646142e-02 -1.042298226772933427e-02
-3.540577674364519395e-02 -2.549421432100159104e-02
-2.623624624523345286e-02 -3.070867333462553792e-02
-2.596817646593219467e-02 4.191599517462982899e-03
-1.393342183130473998e-02 -2.767929170757001123e-02
2.093435903058046832e-02 3.498721602146034199e-02
-4.307517917992866735e-02 1.302032777653891818e-02
9.549161027168561258e-03 3.815089294960949395e-02
-1.505553148347683022e-02 -3.946363924713841564e-02
1.247403056999175225e-02 3.010684975330970084e-02
2.748146817105451278e-02 -3.563381686751573157e-02
1.872030700906512218e-02 -7.840175812612851583e-03
-4.313976207372673816e-02 6.346441904078902428e-03
2.578147981709423206e-02 -3.238225769166230839e-02
3.051940009940417101e-02 2.866987159847475888e-02
-3.702905107385241062e-02 -2.557047862438000321e-02
1.929997229408515758e-02 -2.699711096946655689e-02
-3.377410570122746369e-02 1.404151785678114115e-03
3.127836377711805393e-02 3.015517044009147912e-02
2.756286214425883105e-02 -3.204258502245132395e-02
-4.342704524046062803e-02 2.951922350281935888e-03
1.022842120172962228e-02 4.023884554802848595e-02
-1.492009880620650056e-02 -3.749692904433921115e-02
-2.811497870448831718e-02 -2.301787966430187890e-02
8.212363313665748191e-03 3.961726655601321284e-02
2.827364748652535023e-02 1.458712642798687745e-02
-2.467594872075863643e-02 2.657235940807011615e-02
1.993582954273196740e-03 -4.357386652307070757e-02
2.222466337502031208e-02 -3.108306212727786344e-02
-3.973075539266351930e-02 8.405184726520640096e-03
4.998201639257983213e-03 -3.940368495926470371e-02
2.505474063088357350e-02 -2.253930540460410969e-02
3.854824116398159525e-03 2.472640833927382958e-02
-1.877120600858907945e-02 -3.345568898690032267e-02
-2.219967925035034890e-03 -4.198349073885964539e-02
2.128652789375586052e-02 3.964698891671070841e-02
3.677473778104363173e-03 3.606613133901240970e-02
-1.426791181324344078e-02 3.129877743336687435e-03
-2.874500721610809620e-02 2.829231845585542665e-02
6.229025681620981025e-03 3.963720271273332707e-02
-2.680240510516561717e-02 2.740364339394383425e-02
-2.882249198137130583e-02 1.241065981861396057e-02
-3.669026276325843862e-03 4.007549912623228211e-02
4.223452543057580610e-02 -1.083070511134138526e-02
3.346979567438924941e-02 3.918320909673204261e-03
3.940591858159423616e-02 6.612512106557749680e-03
3.788947863146092249e-02 -1.339038320432057658e-02
-3.750059969023327583e-02 -1.850792225677771671e-02
1.413766540787443800e-03 3.912827041670662725e-02
3.739422997546590355e-02 7.111912092784652105e-03
-2.826941696377861107e-02 -3.103249443208606559e-02
4.427359252152577446e-02 8.052887968150608186e-03
-2.757029732690636364e-02 3.149681460040777009e-02
3.078628042430624212e-02 1.580438028914251183e-02
-1.603991066989407868e-02 3.083932368697598139e-02
4.116791777020354509e-02 -5.955594054717781340e-03
2.355549069726644781e-02 -3.834238980163521410e-02
-1.278824885624835379e-02 3.979025108931338178e-02
-2.467565776204089841e-03 -3.197593334980637636e-02
2.905125721851877646e-02 -6.347118530105221555e-03
-3.345463685151531252e-02 2.581052447795686641e-02
-1.653653197003359526e-02 -3.651173776397446946e-02
1.142020165808094352e-02 -2.702582611871927332e-02
3.302882632811807162e-02 6.576105218478876975e-03
3.738477809042824521e-03 -3.314865310100551660e-02
3.943807194468349625e-02 -2.322850780289975429e-03
2.863044703110823042e-02 -3.060439152300738902e-02
-2.661409221947470816e-02 2.498379400387102864e-02
3.595174196673984329e-02 3.177191220152946870e-03
-3.473603350379129984e-02 2.100171697307495061e-02
3.053998049223743613e-02 2.461355064847394608e-02
-9.080194042572469620e-03 3.215056932344274171e-02
-2.089769074183235945e-02 -3.824337510132801154e-02
4.326128734578295332e-02 5.479570065944273927e-03
-2.332627633221961982e-02 -2.791753892292830885e-03
-1.650115290818402955e-02 -2.681774191507450486e-02
2.914253436828467478e-02 3.218395199354288916e-02
3.976754962671266019e-02 2.106043676562095734e-02
6.410759646406424947e-04 -3.316359227825172590e-02
2.548840036496404990e-03 -2.825601980912285233e-02
-4.361854793556693699e-02 1.274600642632808594e-03
3.855670403206302305e-02 -2.244126464093950920e-04
2.158626171759619843e-03 -2.489315575222305829e-02
4.057345225839211617e-02 -7.280610359107009613e-04
2.650261325501420198e-02 2.505874577309123719e-02
3.793354348200282666e-02 1.296542951061816981e-02
2.196249578977968117e-02 -3.761478342896667354e-02
7.468950409559911401e-03 4.437583550345632066e-02
2.273003531800261989e-02 -7.330445339801836512e-03
3.692876823872624781e-02 1.143137036476420815e-02
3.515574361792717095e-02 -1.615951132808507093e-02
3.054243371510508009e-02 -3.096220477665339449e-02
9.820541849943398988e-03 1.133589172077005373e-02
3.511060185874430306e-02 -1.825407517614882971e-02
7.364135422515153025e-03 3.761733076052693053e-02
2.484884610190954066e-02 -3.751712737519650315e-02
-2.131368847259678453e-03 -2.244348852669850701e-03
-1.365845139135418024e-02 3.408205877931513167e-02
-2.063936118901171443e-02 2.016544090681511234e-02
2.852820387599079230e-02 2.595045060773634032e-02
3.283777635211990176e-02 9.262759905589893622e-03
-1.807772130204405789e-02 -3.779994914712824644e-02
-4.023975255469225409e-02 -3.320628618514744144e-03
-2.129979658993069735e-02 2.643241453955491149e-07
-8.917287624477021613e-03 -2.699495259656451221e-02
3.176422251804436603e-03 4.488775267822289056e-02
-3.265011633524476757e-03 -4.037449951927832986e-02
3.575051581687508501e-02 1.846492674761815792e-02
-2.069358321797568068e-03 -1.539001347489068854e-02
9.644238755406401783e-03 3.159813634225031725e-02
-3.816964142607455479e-02 1.228985437544600524e-02
-2.719380355174787212e-02 3.585382887270491259e-02
3.152619941711402862e-02 2.001037947306075898e-02
-4.455701632715312888e-02 -6.298594606169331117e-03
2.104094083084028996e-02 2.715891922005961995e-02
2.581101878297167168e-02 -1.806122660952001052e-02
3.540423206578721671e-02 1.304592476280298785e-02
-1.675206447015379838e-02 -3.426601203074602225e-02
-4.056744532601248149e-02 -5.158483953332615272e-03
-1.065217129614817564e-02 3.928007517233504664e-02
2.671633850139679134e-02 3.436653668806537165e-02
-3.474009246476610080e-02 2.860290151407473419e-02
-4.404278503572773944e-03 -4.478395170802514785e-02
-1.240421643055836069e-02 -2.137999877196205753e-02
2.046510928628796772e-02 -3.854366388930206833e-02
-4.066477092556482903e-02 1.927112875906219699e-02
2.131089507340270736e-02 -1.950939214332777366e-02
3.243425234152827463e-02 -2.663339319240855957e-02
3.307725712032813514e-02 -1.735549724540759106e-02
1.949477024039254422e-02 3.195900333652796493e-02
-2.404330887337197467e-04 9.282882489461252024e-03
-2.803776105288504836e-02 1.347143089718373220e-03
-1.970230688836386093e-02 -1.231801930008247052e-02
3.055987181737655420e-02 -3.529863205763852409e-03
-4.262827451437865844e-02 -1.441631757467542845e-02
4.467344776333091044e-02 -5.411382629084854692e-03
7.743423526198571841e-03 -4.432876485582879639e-02
-2.236891052344279485e-02 -3.748877588997433230e-02
-4.166879081227978232e-02 5.275332430458898325e-03
-4.515645630032768566e-03 3.395659694984121124e-02
-1.147715991386776165e-02 3.324167906982294918e-02
1.632487426610496062e-02 -3.872198382343890796e-03
3.717246604322055337e-02 9.349871026547470002e-03
-2.837936667339725424e-02 1.532944738640510708e-02
3.716078496411084203e-02 -2.537865357996669374e-02
-3.066055695754684937e-02 1.915508210373825793e-02
3.085646058171136186e-02 2.233377085313919749e-02
1.664024962896675647e-02 -2.672592687997777522e-02
4.268022855004870164e-02 1.426177018273830886e-02
-1.987506344469123012e-02 3.902275912030579025e-02
-7.275530568117094705e-03 -4.086351635359083967e-02
-4.195436911697943833e-02 1.171797153993301734e-02
2.556217969695856462e-02 3.088717405114569520e-02
3.924385302089455907e-02 1.467421042243986611e-02
-1.982456734333630163e-02 1.707438161293867510e-02
-3.209689141209796925e-02 -2.143587090871536607e-02
-2.735721572788700484e-02 -2.044122258448914653e-02
2.593490292149862320e-02 -2.483085425587286399e-02
-3.165623866094122163e-02 -3.198253510947573347e-02
1.090478961649873533e-04 4.499986783313186106e-02
2.766362966350792429e-02 -2.898701777520139300e-02
-3.176040952420141478e-02 -4.054110337172619344e-03
1.001038339206848302e-02 -9.018922265825422835e-03
-4.792488231251837254e-03 -2.170167206348520492e-02
-2.233236482080417848e-02 3.906744785564097988e-02
4.152675875636598762e-02 6.127492191244212315e-03
-4.395255158948142143e-02 -9.652627009666833735e-03
-5.678257573330027473e-03 4.011708643821359360e-02
-2.897480952978357532e-02 3.027030560541144402e-02
-2.368847600073875626e-02 -2.432116226286972979e-02
2.442569369139113711e-02 -3.077214640455237099e-02
1.436287593491112312e-02 -4.129139193595260382e-02
3.419471364482174359e-03 4.198097326709319954e-02
-1.451447290109302924e-03 4.497658612631822567e-02
3.163002674520003221e-02 -2.985473147753674172e-02
4.414545891111792963e-02 -8.728027140021035746e-03
-3.722286544079315973e-02 -2.245832275466642936e-02
2.032826239424295051e-02 -1.447784541043621240e-02
3.952377901546367048e-03 1.632174698501889787e-02
6.747366542858988965e-03 -4.295623299263760797e-02
2.292096482663906476e-02 -2.898205014324762782e-02
3.450692427484348263e-02 -2.358978973386138822e-02
4.103429170586092578e-02 7.803969838480220161e-03
-3.005780901225597532e-02 -3.151278952952177304e-02
3.069666015174163029e-02 4.745904762423492837e-03
-5.240346299175802948e-03 -4.038341052506685264e-02
-4.014399991965498377e-02 1.204876355286487767e-02
2.542113580427756911e-02 1.406260985684472907e-02
-1.226501685225230877e-02 -4.329629729942333083e-02
-4.039663298199023395e-02 -1.982705327264053935e-02
1.351807127758705186e-02 -3.562100507111113507e-02
-1.814230375396368167e-02 -2.906558225791952207e-02
-2.302580804749195312e-02 -3.567649035513288658e-02
-2.202297516410477163e-02 4.018737885875271233e-03
2.257130825859161166e-02 3.892988626949304976e-02
-1.197615563786074647e-03 -4.024957007082764077e-02
-1.621895212570740458e-02 1.588094467543352956e-02
-4.358208448195777934e-02 -5.230876901604253684e-03
-3.112042783927437134e-02 1.451697765150814726e-03
4.231572062593333405e-02 1.014403739289662307e-02
2.610784067004777095e-02 -3.515132599643010225e-02
-2.393744185301107177e-02 -1.674598311298422515e-02
3.252632631634890317e-03 -4.243289664580975756e-02
-2.135152279354657345e-02 7.827378500395647948e-03
6.331480214216604965e-03 -3.308510317464530281e-02
-4.091506628131991175e-02 -1.507696316297588851e-02
-2.709651555508365076e-02 2.953946122094219806e-02
-3.865937484002095886e-02 -5.168671224836839800e-03
-3.642984185247489376e-02 2.153342918182699767e-02
4.258478953440441445e-02 8.639634519178025426e-03
4.451914484265381659e-03 -4.119530624807779540e-02
-3.718371358516258524e-02 -2.035014459995394820e-02
3.034430628822184020e-02 -2.259394447226690389e-02
4.071343010628278997e-02 -1.554139140944769786e-02
-3.426471554223381455e-02 1.114965395871397348e-02
-4.120472327542844954e-02 -8.709646836454892904e-03
-2.120110802580194714e-02 1.153527044491332518e-02
-1.734191311161979374e-02 -3.174659027180195409e-02
-1.850514189271797519e-02 3.410528995842904143e-02
-2.082521977828496323e-02 -3.280956405236955253e-02
7.974418107573714304e-03 -2.827215202324236121e-02
-1.779464798216471785e-02 9.641943177473093554e-03
3.859161210929736713e-02 -1.978472208535931795e-02
2.915220470775433878e-02 3.011607308554494974e-02
1.235414450562199833e-02 3.809064467025235785e-03
-3.114153895115333998e-02 2.125416233656255566e-02
-2.422200639298735525e-02 3.242631688114194777e-02
1.907792042570142024e-02 -3.567521247786665378e-02
-2.921864697839025166e-02 -3.422383186397653237e-02
2.770327375666741671e-02 -9.279270313420762487e-03
-3.086461696734046911e-02 -2.847935354447097764e-02
3.623332548519470758e-02 2.668606612255648020e-02
1.066487147640307956e-02 4.371796557064613203e-02
1.719646460162715246e-02 3.262959265387122693e-02
-1.546714659259597856e-02 4.069226713112479576e-02
-1.107647632053094383e-02 -4.186737619287719814e-02
4.002822315871857467e-02 -7.742005714372529601e-03
3.564965286244333592e-02 -1.410659978079124854e-02
1.715008143771803648e-02 -3.844990414124467570e-02
2.846052466052380325e-02 1.714823613747526801e-02
4.131550861012205436e-03 2.801115337280565137e-02
-3.047237131132546351e-02 -9.809272615339811180e-03
-2.156890192626893452e-02 -1.895937349710150391e-02
-3.035894713463497749e-02 -2.666970731180931531e-02
-1.926677150673388600e-02 -8.195788081455757795e-03
-8.805605319445030527e-03 3.883726277878563754e-02
1.569165074851615327e-02 -4.052549751963022834e-02
-3.246530211752982759e-02 -2.366471488525284661e-02
-4.421062496798710412e-02 8.391700689333939089e-03
-3.436393146517879166e-02 -2.681622612710959919e-02
-3.502303297971161300e-02 -2.825574570278816325e-02
3.242455008853351722e-02 2.905297953643110401e-02
-3.838404368685005563e-02 2.348755392723803417e-02
5.300560493686681113e-03 -2.675568150111856322e-02
1.688800485443826480e-02 3.473919933754812672e-02
-2.310158571433968550e-02 -1.372685400537821364e-02
-4.499724992003766022e-02 4.974909292485679138e-04
-1.800405916016526581e-02 -4.124140942567441903e-02
4.361460821273765304e-02 -4.408045335567610350e-03
-4.870759409065004639e-03 -4.340133743772116304e-02
1.546664169725588643e-02 -3.886947827144648926e-02
-2.671069392642660620e-02 -1.781725716870275877e-03
-8.376325867688943702e-03 2.915703117060149119e-02
-1.575945832075914890e-02 -6.540177053266287531e-03
-2.468009141758083572e-02 3.762835482868703840e-02
3.546061191399711710e-02 -2.518207877232742434e-02
3.060296999733272058e-02 -8.887205337376165651e-03
-3.919948674931576088e-02 -1.587866078801598510e-02
-1.387537839701671015e-02 7.852721982675926748e-03
3.687972358176660331e-02 -1.709447361738243923e-02
-4.331954001359285961e-02 4.605361518106304043e-03
2.405356376102624205e-02 1.923124243004300724e-02
-1.459804134861881738e-03 3.385808001305682519e-02
1.644409950430473014e-02 -1.527448738823010410e-02
-3.147965708933888468e-02 -1.447264172589976527e-02
1.508112509227248557e-02 -2.218440303753277387e-02
-4.356065418076059820e-02 -1.129023488938210237e-02
-3.454737087365713447e-03 1.663129479231164470e-02
-2.907734762172195855e-02 -1.289180487938271572e-02
1.639420385640097053e-02 -3.276447654165423606e-02
3.080474231123096762e-02 1.321502317841917809e-02
-2.756672935348704334e-02 -2.923785964706238430e-02
1.969559605146086953e-02 1.642467677300514517e-02
1.693226066759944554e-02 -4.169290764336702759e-02
1.365365614894382268e-02 -3.288913993200245911e-02
2.959803916530079348e-02 -7.025941919429944463e-04
1.343608444194908762e-02 -1.231461450433036717e-02
4.023122230353089190e-02 -4.207472367643758614e-03
8.206721440508407683e-03 -3.130450640899097581e-02
3.531341456876188611e-02 -2.789198362191437977e-02
-2.072873102116077129e-03 4.352054641033668153e-02
-3.966535265035146807e-02 -1.363444079185787599e-03
8.276883263200996224e-03 -4.292145487876379562e-02
-4.704756431303070557e-03 4.475338270994341089e-02
4.323178502059586703e-02 -7.579523560447870741e-03
7.885001964213543199e-03 4.286180610509529587e-02
1.099666047416814237e-02 -3.225380744617819401e-02
-3.645585070391484106e-02 -2.416748571130247769e-02
2.803256297884139728e-02 1.187571513516789100e-02
3.036028626558547397e-02 7.577739165099160040e-03
-3.555482474968771345e-02 3.018475206816769504e-03
2.499340202592099935e-02 1.098072705914952124e-02
-2.686861678234803152e-02 -2.714480286111217028e-02
-1.090928788666656324e-02 -3.646270237029299033e-02
2.897162336493730797e-02 -2.752693744308856369e-02
-1.563918310891745803e-03 -4.497281576647427226e-02
-1.779651203909283011e-02 3.221396030421354306e-02
-2.465368045018648258e-02 -1.966949497905068692e-02
-2.228647816490804054e-02 -3.909364255059745441e-02
-1.821130138572753243e-02 1.311309219933300824e-03
-3.630074705352992481e-02 -2.851758878540292409e-03
4.445956520516904098e-02 -6.953204985266465792e-03
2.392428986853566142e-02 -3.308759467928562743e-03
-3.234513838243106149e-02 -2.918451879967061749e-02
3.693793392738185105e-02 -6.020052167241652513e-03
-1.956784714284623070e-02 4.052282514029529464e-02
-2.051188786560054211e-02 -1.589004194133641565e-02
3.091705513692552532e-02 -1.629102824439566249e-02
3.241007038767480808e-02 -1.017435611372558392e-03
-2.648625853875587882e-02 -3.637963863664481906e-02
4.359908928972743014e-02 1.114088918529570864e-02
1.215995935148996010e-02 1.497465470193858408e-02
4.378395252307216295e-02 -1.039064482518527351e-02
-3.831307622655064776e-02 -2.127540179543989038e-02
-8.943230061611394735e-03 -1.367025048312723971e-02
-2.237455393539726153e-02 3.560692113105246720e-02
-4.156076342955760533e-02 -1.649286680508759611e-03
-1.623008635119888542e-03 -3.432460621243564602e-02
-3.705699962476381032e-02 1.616081198966698787e-02
1.188498475825481432e-02 -1.016372109223782991e-03
-1.938804772172735003e-02 -3.898275936312441126e-02
-3.052032423143650336e-02 2.915740996639594809e-02
3.563886465047013535e-02 2.328661458408378890e-02
2.592279482475479471e-02 1.694760453956389856e-02
-2.646886370905570177e-02 -1.474760353082264601e-02
4.295362985819180940e-02 7.110967348196394616e-03
-2.695739591399874766e-03 -3.646824226298536059e-02
-1.263926414923729341e-02 -3.523199994596914325e-02
-9.147222391355909477e-03 -4.406050747941987755e-02
-4.316722009188561637e-02 -6.852531963665389921e-03
-4.352075516676898875e-02 1.144307068956257681e-02
-3.185714257869740745e-02 -1.192803507920135557e-02
-4.494737254439231527e-02 2.175706914516485017e-03
-4.445800844095798565e-02 6.963151941315402250e-03
-3.595387663676745393e-02 1.278272365490590659e-02
3.812529250746957143e-02 2.390527281288082687e-02
3.971903938267062201e-02 -1.861620250097881235e-02
-6.692067393128525721e-03 -2.461994808266188689e-02
-3.074258412038904237e-02 1.675895832970929547e-02
-3.538067163544759974e-02 1.490160095433700968e-02
-2.497707063491909352e-02 -3.228861535288646972e-02
3.881216239720165079e-02 -1.619223934318216040e-02
3.988437485348102218e-02 1.258004654435595192e-03
-3.388818009580007312e-02 -2.023399812899983122e-02
-3.293051784022799078e-02 1.803811956512315143e-02
-2.927611728155227189e-03 2.107613879440214943e-02
1.611870771973756070e-02 6.655228289675272062e-04
2.973984414906958012e-03 -4.490161926229360723e-02
2.968991667058413012e-02 3.381580764666897859e-02
8.429998113157026463e-03 7.083918536278824112e-03
-3.258671164823928601e-02 4.026457454070534424e-03
4.559681958921847633e-03 4.334457062761100377e-02
-1.333079770596059567e-02 -3.059085182336341788e-02
-4.200752104762855293e-02 1.761059819960482040e-03
-1.197227604835686063e-02 -2.549550124407769236e-02
1.042509758564650994e-02 -2.956833796862691488e-02
2.928248948547715683e-02 -2.051019934714119405e-02
4.040035780431996265e-02 -1.981946235122451078e-02
-1.461064082812088896e-02 -2.424119088557616028e-02
-3.660152519718463254e-02 -1.112959397794328203e-02
4.216891874979559335e-02 1.570930590439917340e-02
2.426988675517899579e-03 4.064001963009706425e-02
-2.277817629114894243e-02 3.720227520628311552e-02
3.326298024863754560e-02 -3.030798810191999426e-02
2.772046980607057592e-03 4.345789415630037927e-02
-3.004759911542660700e-02 -2.454844454403141280e-02
1.534544386581545954e-02 3.871848042130218714e-02
1.910253333465273054e-02 3.783687988304985234e-02
8.456642874481304969e-04 -1.165979335892604850e-02
3.635315071219949457e-02 -2.390515239980402565e-02
5.342786210123317593e-03 -2.318647947381173233e-02
-3.606526835584264457e-02 -1.318351942200101344e-02
-2.297533828592042068e-02 -3.252322476279995156e-02
-2.766338311674442635e-02 -3.379210741861499862e-02
-1.041490304397345128e-02 -3.999800154634935989e-02
-3.120129575882222769e-02 -6.828510694326209683e-03
-1.832550624889972904e-02 -3.571418314748844858e-02
-1.355843952288405705e-03 -4.352873057606276852e-02
3.360081049244402485e-02 2.785729534404481761e-02
4.012974260532263526e-02 4.896179201939396264e-03
-3.169130662970955775e-02 -1.934048031326746075e-02
-9.281031902523108681e-04 3.113198287699155478e-02
4.106730368661510450e-02 -9.377689942057095343e-03
-8.290394746691815558e-03 -2.062630735496747900e-02
-3.102225722494590665e-02 1.424458322894974274e-02
1.371244127450139440e-02 4.285987585150376200e-02
-1.346090727931821551e-02 -3.916853732240781205e-02
3.625206193828343221e-02 -2.666060769821028409e-02
-2.259242779547905242e-02 2.829187616182944273e-02
-1.516847337653487969e-02 -3.262400968413015773e-02
-4.467367471481255986e-02 5.409508944397503280e-03
1.849383394434531841e-02 3.955211301650628924e-02
1.764552927646555538e-02 9.094102588049660790e-03
1.528057009002007152e-02 4.232616422889788621e-02
3.519122489640807289e-02 -2.022455898138812713e-02
-3.102918542709355576e-02 6.628668676761165224e-03
3.170041537499258127e-02 1.767094426658310548e-03
2.997976171953975477e-02 1.866540305106800801e-02
-3.961813017516361418e-02 -1.402307655661310520e-02
-3.462648415364663265e-03 3.162823254346948387e-02
5.311899188596742524e-03 -1.913770050591016847e-02
-2.001076107749679908e-02 2.519027371492461864e-02
3.642297952141447526e-02 4.320033696822588487e-04
2.963149385974246999e-02 -2.437689181527767646e-02
-1.116377227035465942e-02 -2.875273016983257574e-02
-2.837814688016911807e-02 -2.558572924561272957e-02
4.901334288243091968e-04 2.285673290080953227e-02
-4.035195245439741896e-02 1.646925334316652265e-02
4.498259011005459329e-02 1.251633359365186956e-03
-2.352257718428019811e-02 3.836259066611415885e-02
-1.221984811509623826e-02 4.330906732643811236e-02
-2.585960186570471220e-02 3.682772041324496731e-02
1.963716854698731307e-02 2.237952470517426753e-02
9.738159457366547117e-03 -4.238675735699367481e-02
3.266671165065505172e-02 -2.868065725576794678e-02
-1.520027539700961709e-02 4.235506614811416354e-02
-3.909541186188440201e-04 -4.188315050189523464e-02
-5.156522318023548657e-03 -3.654620885276892855e-02
-3.900252305808349362e-02 1.546741693470018129e-02
-4.242689479630872701e-02 -1.268499757785988228e-04
7.054611256531459831e-03 4.134052516425808232e-02
4.396440018099152108e-02 9.598516317382850549e-03
-1.955838288372114750e-02 -3.105773514373401378e-02
-2.075008316390268787e-04 -3.026582098969683721e-02
6.501557138033162847e-03 3.254540317583556192e-02
-4.477331327727684246e-02 -4.511143470446202404e-03
-3.571197835905023932e-02 -1.729116260965152599e-02
3.350585356716612867e-02 -2.505305145672618097e-02
-1.575760098820812999e-02 -2.983757097185130852e-02
-3.583837625410145333e-02 -1.530911303801023825e-02
3.328065750882731183e-02 -8.462266908798959236e-03
-2.935287325845670550e-02 -1.843966660928955323e-02
-2.253771563028675665e-02 -1.018936762718235418e-02
-2.988172672469167901e-02 9.439032491042392489e-03
-2.566666249876436989e-02 -1.193642448265429604e-02
2.512022465081685876e-02 3.733596542638362159e-02
1.157231035228868318e-02 -2.357115990396440111e-02
-8.021430887395255768e-03 4.427930269344886732e-02
-5.438322328631634700e-03 4.326928891237950131e-02
-3.857781929306676461e-02 1.725670912004969096e-02
4.495072973850775672e-02 -2.105206405269184188e-03
-1.238672508225911739e-02 4.184146301423116721e-02
5.281618664611390304e-03 3.774480800757633314e-02
-2.642416458493770243e-02 2.229874595573041671e-02
7.668445275943390179e-04 -3.994716969945107110e-02
3.834235990730717591e-03 5.832235520229289184e-03
1.207833907725864783e-02 -5.215456249183389459e-03
-1.602444621921208720e-02 -2.125774996977787198e-02
-2.391370591424842734e-02 -3.682055778621858011e-02
1.762204519098897748e-02 -1.175083544632646824e-02
2.004480478486682718e-02 3.638380827032672293e-02
1.172896674802149236e-02 -4.028152267130980652e-02
-3.745062803595131107e-02 4.776188351456463546e-03
-4.390958569281839391e-02 9.846231903049311104e-03
-2.464736251735904701e-02 7.275223226600082381e-03
3.221037281069146635e-02 1.742422692552605956e-02
-7.277648572011834877e-03 3.431798558609944899e-02
2.056395590355328609e-02 -3.667340856731321486e-02
3.920910774844662411e-02 -9.633145042716862241e-03
-5.503844567020718930e-04 -3.810623183455908586e-02
-2.495866057605416327e-02 -3.555118864026921011e-02
-4.197731354494176753e-02 -3.426515394205472721e-03
9.296960377256307737e-03 -1.341218087814182239e-02
2.865981900178888112e-02 2.810328263424729384e-02
1.751784303674239554e-02 -2.417240748988766855e-02
4.052817764780067625e-03 3.098770714187388739e-02
2.496345327682604649e-03 -4.090515560761531083e-02
-1.086077019338580786e-02 4.366971114726288239e-02
-2.341964986205294016e-02 3.052803205998907629e-02
-2.931680559484902901e-02 3.213331908773347373e-02
7.244901447532607099e-03 -4.222678156356115230e-03
-5.990956951940379360e-03 -4.459942186632095962e-02
1.014443689274811995e-02 2.557786968249052897e-02
-2.305363050473584544e-02 3.414877230789579998e-02
3.432933096064460371e-02 1.689078199173140241e-02
2.396724335726984831e-02 3.808636560489991191e-02
1.713563104725632918e-02 -3.496467445275099756e-02
4.163188618536741575e-02 1.708174624631373165e-02
1.066499782759960241e-02 3.427689904511387747e-02
1.246097552844573249e-02 -4.324030628335608084e-02
3.437503866817450543e-02 2.235677921355696401e-02
3.582338560404038641e-02 -3.886947441313365163e-03
-5.208531981789856630e-03 2.945979280791171870e-02
1.679266252156851047e-02 4.174932915472451961e-02
-8.175627343152082685e-03 -3.279650480294107190e-02
-8.257502794183491437e-03 -3.011623573789490999e-02
4.147870167474015241e-02 1.313696542186815024e-02
3.936840094282500341e-02 -1.453211963080379074e-02
2.407491777770190411e-02 -2.004961722068290472e-02
-8.594808843717797672e-03 4.244863215781204818e-02
2.290354608919482546e-02 -1.679463802830427621e-02
3.852287776708586409e-02 -1.152426831575219766e-02
2.275994830110213141e-02 2.849360493725508134e-02
2.862301707722434904e-02 -3.472352072496488057e-02
-3.697143653574073725e-03 -2.575687798658179636e-02
4.175504439344140950e-02 8.114032544466033645e-04
-3.767742243490336215e-04 4.353639680614439927e-02
4.234515971567275050e-02 -1.024643447697691631e-03
3.893585269143932243e-02 1.952191600906638680e-02
1.394915744999909203e-02 4.136387543734143524e-02
-1.002418369795283343e-02 5.415609762068816953e-03
3.223189515713738296e-02 -1.101526248087345353e-02
3.628366677106614063e-02 2.152321241691268136e-02
-3.830662981252248162e-02 2.065113682664396905e-02
-3.506218917115895561e-02 2.283617120928010946e-02
4.768908434700926818e-03 1.127210720142363468e-02
-2.933471948814789319e-03 -4.490428423543010861e-02
2.796015036626973982e-02 3.327234681409117767e-02
1.975982962185986180e-02 4.042955761403160125e-02
-2.843434047408270951e-02 -7.338727410028527375e-03
1.244840415183867850e-02 4.193440026684112920e-02
2.407057674829432212e-02 2.650222734559119081e-02
-3.314115996660985108e-02 1.577829474517420533e-02
3.500781269282927932e-02 2.039528363244797263e-02
-9.161483342903859600e-03 -4.117353584561315311e-02
1.831792780254899722e-02 -3.120038101998921787e-02
8.771231666260261364e-03 -3.964982674072358576e-02
1.089116767183126444e-02 4.190954843325409018e-02
1.215089570827397950e-02 -2.006164465122379365e-02
-3.418848495416020733e-02 -3.717718208686043770e-03
1.845381053517388889e-02 2.800954946676808763e-02
-1.932281369236119734e-02 -2.652172008555085669e-02
2.102324037028535306e-02 3.332310730696416701e-02
-2.863222544117903154e-02 2.613021933028241567e-02
2.758055966320148433e-02 3.139096026070004736e-02
-4.638684789952164135e-03 4.176751169940484676e-02
1.731509224107050451e-02 3.828657072413229473e-02
2.011787968920892081e-02 3.891127706581259948e-02
3.428844440259327941e-02 -2.914279636736350973e-02
4.176745278804128853e-02 -7.602753517502037171e-03
-3.244643547961370902e-03 3.598908409013133747e-02
-4.168702188163028038e-02 3.587455025769632766e-03
-1.391448661155308616e-02 4.116556783702068900e-02
-2.588720667517046756e-02 -5.166655986154898225e-03
-1.667693213022070076e-02 -4.179569272277582070e-02
1.272249033230061100e-03 3.475641211447549200e-02
-1.690765962607335832e-02 3.558764507274695538e-02
-2.553921396490043544e-02 -2.235011926820187206e-02
-3.502892238011048875e-02 -9.294233064045093716e-04
3.201118095416102816e-02 2.735110355160877416e-02
-9.742507809530906795e-03 1.059122559611752612e-02
-1.777603129591514772e-02 -2.403774671651673009e-02
-2.560422906293955900e-02 3.091443241568928024e-02
2.198931143719272743e-02 -2.227212933594335809e-02
1.912488666857566424e-02 -1.766302477406022503e-02
3.710522607726651767e-02 -9.972562231809407526e-03
1.778065813199871531e-02 3.031175417230192598e-02
2.611227367558697013e-02 -1.550650631404917705e-02
-3.890619417197847124e-02 -1.961122403765824806e-02
-2.887225881412572651e-02 -3.266277399279170907e-02
8.895004518367262067e-03 4.132957077134838397e-02
3.200978598169567854e-03 -2.326631908452523939e-04
-1.313696732243075510e-02 -3.717574211696606651e-02
-2.611488468093061538e-02 1.954337891557715243e-02
2.510180901846309097e-04 1.390696446893342590e-02
3.971320092074279162e-02 -2.116274258003325581e-02
4.453622241512374819e-02 6.443981178038914008e-03
3.529248787408001409e-02 1.505187366367927680e-02
1.488533419490354823e-02 -8.435908842260073093e-03
1.044082552364188239e-02 2.220590754057674698e-02
-1.019993534326919631e-02 1.860368071217332470e-02
-8.789024831361498188e-03 2.583740324420929005e-02
-1.918015541903351009e-02 -3.614906344451548209e-03
-3.991263563205847686e-02 1.807855752063377772e-02
3.021426045604225924e-03 -3.932996763270844159e-02
1.434914447406782784e-02 -2.823633565477859375e-02
-7.964036092750838985e-03 -8.811766469082183209e-03
5.173280635329266346e-03 -4.299596917852584188e-02
-1.186499065190101294e-02 1.468776300164718190e-02
-4.387024503378399165e-02 -4.386612837810868119e-04
3.497389344753641660e-02 1.053607012713891379e-02
-6.617892557161280873e-03 -4.331843978426699188e-02
2.050423229611317288e-02 -3.443568327524337142e-02
-4.491012500793702122e-02 -2.842652257842369617e-03
-3.381806367560369342e-02 -6.370370894021987716e-03
-2.682602867677564423e-02 -1.767855131189822668e-02
-5.735171795658818190e-03 3.624713455342309237e-02
-4.256861278059131254e-02 1.459154568528767647e-02
-1.046058251054131881e-02 4.238038355416615804e-02
3.728407367421792545e-02 -2.261198735486339220e-02
-1.019929352627665410e-02 3.709234716909137752e-02
-1.201704721028078876e-02 3.803219790800840133e-02
-3.280789652811243184e-02 -3.080003126071441735e-02
1.662342923148097187e-02 2.299819522118887183e-02
3.058094388351673479e-02 1.050572727807662886e-02
-7.039527938571401439e-03 -3.852235667163843129e-03
-1.453031345588177287e-02 2.637621991521698836e-02
3.802049876227975300e-02 -7.922058652066172810e-03
7.364586227547582561e-03 -3.554729092484099767e-02
-3.773838676985194485e-02 -1.466334784611368972e-02
-4.144436218027493235e-02 -1.344104039374602322e-02
-1.593529252090630094e-02 3.354707114728272543e-02
3.915781639902771866e-02 -5.986085429597718874e-03
3.109445795970049858e-02 -2.802729319361307175e-02
-1.929881667076239560e-03 -1.945525315105302647e-02
-3.697963973567688217e-02 1.816849065079242931e-02
3.730251060633280047e-02 -1.522676112166142758e-02
3.778049211803191209e-03 -4.377016788061641184e-02
-3.520742968165722214e-02 8.933488512737714979e-03
-1.395492700410677286e-02 2.910152712805843742e-02
3.662882908484753341e-02 1.668509038264144942e-02
3.188631858550392689e-02 -6.161441629382796020e-03
9.779732018009447414e-03 -3.621575006581668338e-02
1.549208894312990512e-02 -3.076562587614952229e-02
-1.385372674444675448e-02 1.815738237908816680e-02
-4.185732997109736092e-03 -3.415428480773796682e-02
3.550211193431478118e-02 5.620408787417799715e-03
2.991215273187357304e-02 -3.361938602995024478e-02
2.668802541440257192e-02 -2.714469478833463068e-02
4.384471080312864893e-02 -1.189752049647350551e-03
-2.486751063625291733e-02 3.415687998149675997e-02
1.153708332031698394e-03 4.368238328979178603e-02
-3.816853860999026155e-02 -1.271555145676271821e-02
2.376979312747400097e-02 -3.264305667383663595e-02
4.093018579170532023e-02 2.833427102037203681e-03
-2.790988495192130159e-02 -1.031607240411700453e-02
-5.889691142512097893e-04 -2.711514253959328505e-02
-3.346344629710129581e-02 -2.557309756447152457e-02
4.049157940574290432e-02 -1.112932503391899329e-02
-1.824642454727039287e-02 4.113475404312072481e-02
1.394334036779770573e-02 -4.278531592143337836e-02
2.681175753025319408e-02 -1.251730941383238059e-02
-3.161776413519776924e-02 1.168683701260876152e-02
-1.214925214188124040e-02 3.579814164884451838e-02
4.037754104340987582e-02 1.624524249859337841e-02
1.902395505717306701e-02 -3.770074268405742418e-02
-9.456649539355953260e-03 4.399513358231547239e-02
-6.341645956326850096e-03 4.455090932359270089e-02
2.748652546098140706e-02 -3.576498027251861361e-03
8.991901175009786237e-03 3.611374806892837797e-02
-2.208502697134803218e-03 2.835340115684435724e-02
2.224603968811689203e-02 -3.911666800778650782e-02
3.515034983559726933e-02 2.809720463280854924e-02
-4.165642739134808870e-02 -6.927865645852133991e-03
-1.863188703782290429e-02 2.261151402117995632e-02
-4.000747566262049387e-02 2.060101673945774828e-02
-8.392754532824805644e-03 -3.935009488000304478e-02
-4.106152425277922319e-03 -4.198764273776235678e-02
3.357412872015655414e-02 2.607354632989237683e-02
1.284163397175365658e-02 -4.153204801749918462e-02
-2.633812302962755710e-03 2.497668434441006197e-02
8.517759912266888514e-03 -2.516937437741198144e-02
-4.138401972720352068e-02 1.767379158499764527e-02
-7.705997360563304928e-03 4.053011498104829718e-02
2.201876436556538322e-02 3.183366265689677871e-02
2.756328306186386565e-02 5.658719210962147479e-03
-7.368835515721233742e-03 -3.708938236075276507e-02
2.445742854851813350e-02 2.403547429654157713e-02
-3.806525633465846631e-02 2.795850710291405885e-03
3.816404441843058298e-02 2.105420077903687529e-02
-4.405801983118733112e-03 -3.845122031795086132e-02
-2.627782527315829231e-02 -2.476306722840219618e-02
5.969182088286303575e-03 4.460234147490012985e-02
-3.498453999390301744e-02 5.011017012062643841e-03
-3.287900157164193315e-02 3.072411523913527384e-02
3.802936695479836038e-02 -2.405758194491643479e-02
-1.455144854501591936e-02 3.925809545888871155e-02
-6.526033118019950244e-03 1.942254616764173616e-02
-2.464446559138040380e-02 1.058377931422692115e-03
-2.004592855114303504e-02 3.231446820588414898e-02
-1.992747541299755981e-02 2.781264549194288963e-02
-2.131627409377269411e-02 -3.631242156546430483e-02
2.037843481271980547e-02 -3.204834957391990147e-02
-1.311345097861029395e-02 -1.422546836318864909e-02
6.253447647472811996e-03 4.308067982754146263e-02
-1.943918255806405260e-02 3.759886815062536691e-02
4.146571337078396730e-02 -2.595174090676068222e-03
4.336567103084690289e-02 -1.201742802193154526e-02
2.221905544939666716e-02 1.346477183352552155e-02
-1.808180777419136562e-02 -1.844370435900105978e-02
1.503677259141831223e-02 3.113967819279638005e-02
2.336794145425866859e-02 3.042271980237976070e-02
1.881960152118429194e-02 1.269993313629229174e-02
2.215510533524971820e-02 3.601349922868878062e-02
2.467006539769417417e-02 -3.588413493009595667e-02
3.330667732923615204e-02 -3.684070066646146294e-03
-1.748075808681277821e-02 2.576411598176534673e-02
9.019383191082407450e-03 4.408685435919803414e-02
5.129909474866163090e-03 -1.447855305265115071e-02
1.645975406581678957e-02 1.559223850012749803e-02
3.740894295381108625e-02 2.256413050482402108e-02
-3.640523788142650818e-02 -5.107620316479486930e-03
2.516168981770833951e-02 2.150795689680709902e-02
4.351759645681495259e-02 3.784958914481527988e-03
2.706599647589576912e-02 2.259528840826294585e-02
-2.649842463904256151e-02 -3.501919147323499792e-02
2.204830060720886289e-02 -3.339937217945405240e-02
-4.071485806954232289e-02 1.035817550679406750e-02
-3.940168433054131586e-02 -8.928174354342266125e-03
2.854581928406339786e-02 3.478701197018325281e-02
-3.290055218982130408e-02 -9.062892404520538070e-03
-3.956699956332162399e-02 1.374892640042284231e-02
-2.843467968709562782e-02 3.487791552174835524e-02
6.207792723579523726e-03 -4.456975779991051434e-02
-6.442713259706872413e-03 -3.884677315648631807e-02
-1.768678473212671048e-02 3.747069323970402682e-02
4.959965399333330499e-03 -3.537213647967468733e-02
4.250159015879419189e-02 2.348635101865797874e-03
7.025719878586568663e-03 2.987960372043611812e-02
2.773847107514846796e-02 8.900755956488190512e-03
-1.156537384241846690e-02 -3.851435099546822449e-02
2.095062135425161329e-02 1.940157620784113690e-02
3.898465080909645913e-02 2.247658785418837901e-02
1.131970465005420479e-02 3.872790493574167908e-02
-5.622256966308015330e-03 2.675327910330889750e-02
2.896635886826525591e-02 2.337603814064131806e-03
1.708022741069617576e-03 4.496757339959717159e-02
-3.675330747965892264e-02 1.989616471125607924e-02
-3.832415078039991957e-02 -3.231139975535778086e-03
-3.873026913957887396e-02 1.918548444466091144e-02
1.379799637763849847e-02 -3.980403410681772336e-02
-4.333689660119168646e-02 -1.965262307202783783e-03
-3.391192203016478446e-02 -2.958008699530394886e-02
4.047719760587596000e-02 1.966205664865736807e-02
-9.493314851385270536e-03 -3.791204955291332945e-02
-1.052664148877316928e-02 -3.400657780011400594e-02
-3.074147796084939453e-03 4.489487292321668599e-02
2.332919225022402412e-02 -3.671983974930148609e-02
4.545012534341966691e-03 4.476988786697567307e-02
-2.911094414151405366e-02 -1.576667350257063629e-02
3.310691749750239998e-02 1.468868816868785024e-02
7.844343773241370388e-03 1.518147878568998008e-02
1.808398130011164631e-02 3.631142677392461271e-02
-1.908880006270286325e-02 3.584316499210720569e-02
2.883443382575335417e-02 -1.480103209345371568e-02
1.753874065625931006e-03 -1.681061107258549972e-02
-3.561974540264274680e-02 -2.289589579538237746e-02
-4.351833183117394949e-02 -3.588049720112942639e-03
-4.017211043442113494e-02 2.421642337460562858e-03
-2.268065535690029846e-02 1.471446016823027558e-02
-1.228280969444412330e-03 -2.341986240821407328e-02
6.265794525604895422e-03 3.543225331396509387e-02
2.507657010631139313e-02 2.880778716411794282e-02
-3.889193038584930207e-02 1.037295974105832339e-02
2.167182973058037754e-02 1.002762125171878169e-02
4.740816955520690476e-03 -4.474957712134384341e-02
-2.199371860433965362e-02 -3.434423627989940248e-02
2.981526898458428110e-02 -2.928430574676852555e-02
-3.765505040267835141e-02 8.700307215870117794e-03
2.342848995518945210e-02 -3.472328646929384588e-02
2.463675831931510032e-02 7.631891505710367701e-03
3.703406936866582982e-02 1.981015115137077509e-02
-1.470696811697829766e-02 3.575464816585089550e-02
-3.383307007277189249e-02 2.967024383719829225e-02
3.887076153844466753e-02 -2.267297721657737450e-02
1.325192868821057843e-02 8.190798635267228581e-03
3.361441714579953277e-02 1.908649622526251491e-02
5.580289014828794004e-03 -9.727859183753512565e-03
-5.500764368715055884e-03 -3.157141964750263124e-02
-3.192152520020483109e-02 2.990468195585592806e-02
-1.572964219056511778e-02 3.743466387709775550e-02
-4.498141056156860357e-02 -1.293329465459553025e-03
-2.521697823531303048e-02 -3.727068560602293801e-02
-2.954431931028273992e-02 -2.972580911479264301e-02
-4.100180354251529297e-02 -1.854324964293300668e-02
-1.561177898640610066e-02 2.325257414071068771e-02
-2.127275820745333154e-02 3.800486919901120697e-02
-3.757772223721799702e-03 4.339858684136864431e-02
1.286825419746055223e-02 3.500227665826170093e-02
-2.832893867329848089e-02 1.816619310198750933e-02
-2.543034618464057317e-02 -2.881238068366258342e-02
-3.350952130884104346e-02 -2.811675246197281597e-02
1.392876895326700289e-02 2.128958735451410428e-02
2.532966416672527768e-02 -2.887918068423786858e-02
2.032342925551549467e-02 -2.437651877556990324e-02
2.698084765802614970e-02 -2.047318095112269157e-02
4.268782429797284700e-02 -9.210054966772934781e-03
-2.791815106258825271e-02 -3.529273062227196445e-02
2.314534704231999140e-03 -3.533623377628553747e-02
3.249434567464830337e-02 2.343289410977076812e-02
-1.212102641664357904e-02 2.457345637718244200e-02
1.433206586608575537e-03 3.700956503085881671e-02
2.697798765291815892e-02 -3.386680620777053619e-02
-1.947560525868645767e-02 -2.139950994126837633e-02
3.195799531368642699e-02 3.168101213350188461e-02
-2.754812801239677183e-03 4.188770405154017273e-02
7.081893028366971661e-03 2.330278010805939340e-02
3.993118363481686778e-02 -1.284757088195442876e-02
8.615372326065275088e-03 -2.149062336569665735e-02
-2.619646125914978571e-02 3.276334057867711508e-02
-2.442887060590581520e-03 -3.856878624797752814e-02
1.090085486491959403e-02 -4.365972241801597403e-02
4.489455548718583600e-02 3.078779881600958272e-03
-3.122394481830402871e-02 -3.036762753966762429e-02
-2.012823713003578444e-02 -3.496476138532506744e-02
-5.997917460764839656e-03 -2.826613498412468631e-02
3.490328762902996512e-02 -1.484684208659220331e-03
-3.220090947053177305e-02 2.435895939119070083e-02
4.216105903649520342e-02 1.169150132743250123e-02
2.292697004691407123e-02 3.414166432675050378e-02
4.340929092060560879e-03 4.003821152892573371e-02
-2.963722465556417607e-02 3.386199808011322587e-02
2.368868007473902762e-02 4.415183994117064317e-03
8.073526642697307840e-03 -4.135478602781057084e-02
-1.080905467306696351e-02 -4.368254037946106560e-02
1.586642291944194774e-02 -1.898598747137287754e-02
4.114245867803762585e-02 -1.822904524798605111e-02
1.668981007100550640e-02 5.093401069359681198e-03
-3.801759453471125622e-02 -7.111440494759097529e-03
3.912116891391229090e-02 3.358037041146615977e-03
2.291847076401477834e-02 1.650916788408178515e-02
-3.994836498025897131e-02 -7.034129456287821838e-03
